##FastQC	0.11.2
>>Basic Statistics	pass
#Measure	Value
Filename	SRR13129039.fastq.gz.fasta.fastq
File type	Conventional base calls
Encoding	Sanger / Illumina 1.9
Total Sequences	7830099
Sequences flagged as poor quality	0
Sequence length	10-43
%GC	53
>>END_MODULE
>>Per base sequence quality	fail
#Base	Mean	Median	Lower Quartile	Upper Quartile	10th Percentile	90th Percentile
1	34.45890671357274	38.0	35.0	38.0	26.0	38.0
2	35.48268393530414	38.0	36.0	38.0	29.0	38.0
3	35.60967658256128	38.0	36.0	38.0	29.0	38.0
4	36.06717373561505	38.0	37.0	38.0	31.0	38.0
5	36.322105505965496	38.0	37.0	38.0	33.0	38.0
6	36.09391886354822	38.0	37.0	38.0	33.0	38.0
7	36.279068885305705	38.0	38.0	38.0	33.0	38.0
8	35.53218943959765	38.0	37.0	38.0	29.0	38.0
9	35.604629136973124	38.0	36.0	38.0	29.0	38.0
10	35.96963691024044	38.0	37.0	38.0	31.0	38.0
11	35.98620323951272	38.0	37.0	38.0	33.0	38.0
12	35.73004262138296	38.0	37.0	38.0	31.0	38.0
13	35.27759316976233	38.0	37.0	38.0	31.0	38.0
14	34.90860371016263	38.0	37.0	38.0	29.0	38.0
15	33.53782934264287	38.0	37.0	38.0	16.0	38.0
16	32.37603968935356	38.0	34.0	38.0	15.0	38.0
17	31.972564970736	38.0	34.0	38.0	0.0	38.0
18	30.981781967469363	38.0	33.0	38.0	0.0	38.0
19	30.02949336906569	38.0	29.0	38.0	0.0	38.0
20	29.160629003013465	38.0	28.0	38.0	0.0	38.0
21	28.660288458567514	38.0	25.0	38.0	0.0	38.0
22	27.46018498674128	38.0	16.0	38.0	0.0	38.0
23	26.799280443938954	37.0	14.0	38.0	0.0	38.0
24	25.895497107330396	37.0	0.0	38.0	0.0	38.0
25	25.386513885671775	37.0	0.0	38.0	0.0	38.0
26	24.431276283831185	37.0	0.0	38.0	0.0	38.0
27	23.27828664597183	36.0	0.0	38.0	0.0	38.0
28	21.56582490106005	34.0	0.0	38.0	0.0	38.0
29	18.618106487503763	16.0	0.0	38.0	0.0	38.0
30	15.398876439025937	0.0	0.0	38.0	0.0	38.0
31	12.605023128357052	0.0	0.0	36.0	0.0	38.0
32	10.505892965959607	0.0	0.0	31.0	0.0	38.0
33	9.006014483715157	0.0	0.0	15.0	0.0	38.0
34	7.745194026737602	0.0	0.0	0.0	0.0	38.0
35	6.776903075199139	0.0	0.0	0.0	0.0	38.0
36	6.152687213426677	0.0	0.0	0.0	0.0	37.0
37	5.800143012870006	0.0	0.0	0.0	0.0	37.0
38	5.537975957023324	0.0	0.0	0.0	0.0	36.0
39	5.374950303466027	0.0	0.0	0.0	0.0	36.0
40	5.269771174397619	0.0	0.0	0.0	0.0	35.0
41	5.228718053080282	0.0	0.0	0.0	0.0	36.0
42	5.204408526832524	0.0	0.0	0.0	0.0	36.0
43	4.913209142851359	0.0	0.0	0.0	0.0	31.0
>>END_MODULE
>>Per sequence quality scores	pass
#Quality	Count
13	7.0
14	1479.0
15	14725.0
16	13893.0
17	8741.0
18	7517.0
19	7510.0
20	8013.0
21	9133.0
22	11040.0
23	14663.0
24	20849.0
25	30535.0
26	44577.0
27	64360.0
28	91146.0
29	126189.0
30	174415.0
31	234136.0
32	307842.0
33	411388.0
34	570204.0
35	847294.0
36	1355168.0
37	2989639.0
38	465636.0
>>END_MODULE
>>Per base sequence content	fail
#Base	G	A	T	C
1	19.809672661447397	11.559166185722793	50.17453824598929	18.456622906840522
2	54.501873223598466	8.115863365467936	18.436019532355015	18.946243878578585
3	55.43817893744446	10.841990348484929	18.067012461963923	15.652818252106687
4	23.429090743297117	9.144545937414074	56.8043903404031	10.621972978885708
5	60.48213438936085	15.128237842203529	11.651538505451848	12.738089262983776
6	60.02428577212115	9.481272203582611	17.655268471062755	12.83917355323349
7	17.26795756579292	8.20365211265555	53.503838649273604	21.02455167227792
8	17.429411483738775	12.902724844567718	40.91288512608654	28.754978545606964
9	14.433617329582136	16.184235749708844	32.6429147872046	36.739232133504416
10	21.701749900319868	53.12644395703422	11.752089323613168	13.419716819032738
11	61.16313214415315	10.174093328652425	17.5942278953555	11.068546631838927
12	24.829687670040265	8.359166498245832	52.884569542258085	13.92657628945582
13	65.31696234913319	8.984276076789703	13.198115344110569	12.500646229966542
14	60.813777101929034	7.998528445516456	19.424332369554996	11.763362082999516
15	16.3956042390864	11.651023410513792	61.32825200273577	10.62512034766403
16	16.951198735966756	37.20393819093571	34.617496814929076	11.22736625816846
17	41.89377081268717	35.5387511714411	12.214445562763029	10.353032453108693
18	38.11690434497188	37.32532674008278	14.247501438224461	10.310267476720874
19	27.116797875298808	41.526165788168186	14.757823376966883	16.599212959566124
20	14.33389364636588	28.93202107742579	46.36660750961824	10.367477766590087
21	10.714194554747486	7.999083014314584	60.06597096877857	21.22075146215936
22	14.04735576684171	10.558293890288514	29.92070550900305	45.47364483386673
23	18.449259502296364	6.29844240574353	42.24273065621873	33.009567435741374
24	36.02751498764988	6.955081095966046	14.739832571147552	42.27757134523652
25	47.71800282046399	12.402551685323528	17.40124274465242	22.47820274956006
26	37.87385951516937	12.332401763375822	15.63031429561308	34.163424425841725
27	31.886065268308318	16.091200305854684	21.79206901811764	30.230665407719354
28	29.50934163858021	14.744096240908613	27.132417174277563	28.614144946233612
29	27.96263702957703	16.837368698011694	33.222305616974666	21.977688655436616
30	32.98349835362212	16.35981518339657	27.120970189630373	23.53571627335094
31	39.746196662551995	16.713489755800655	24.44677698067942	19.093536600967926
32	35.170327393286364	25.53481143804393	21.30857853294654	17.986282635723168
33	25.23061596161999	34.41046626580625	23.808878965738014	16.550038806835747
34	17.666298960514524	30.87025257229169	35.50230421849231	15.96114424870147
35	13.906452744936177	20.661734494441937	47.93794155076187	17.493871209860014
36	14.742598977529425	11.682524585152096	46.29991337873873	27.27496305857975
37	15.046778294181257	8.656932333248971	45.02766721119113	31.268622161378644
38	21.828846719074736	6.948271772002512	36.10009951466088	35.12278199426187
39	40.65336416734459	6.379014591312243	25.90871974869671	27.058901492646452
40	54.67928300890315	7.3999818793022145	17.97797793146814	19.9427571803265
41	59.59235626120015	5.426875903688445	19.570312842683844	15.410454992427558
42	45.86041919381633	7.353317654039492	31.81429208307314	14.971971069071039
43	42.121326672536334	9.464679911699779	25.982212354374816	22.43178106138907
>>END_MODULE
>>Per sequence GC content	fail
#GC Content	Count
0	3.0
1	4.5
2	6.0
3	6.5
4	14.0
5	23.0
6	28.5
7	34.5
8	46.5
9	77.0
10	130.5
11	199.0
12	265.0
13	371.0
14	513.0
15	694.0
16	953.0
17	1302.0
18	1908.5
19	2747.5
20	3586.0
21	4816.0
22	6418.5
23	8461.0
24	11142.0
25	14969.0
26	19490.5
27	23693.0
28	29037.0
29	35205.0
30	42166.5
31	51439.5
32	61584.5
33	71237.0
34	89355.0
35	113727.5
36	134896.0
37	156538.5
38	199701.5
39	261800.0
40	328817.0
41	413261.0
42	496518.0
43	622911.0
44	753811.0
45	924343.5
46	1084054.5
47	1192755.0
48	1365324.0
49	1464253.0
50	1507577.0
51	1549165.0
52	1471881.0
53	1368074.5
54	1328432.0
55	1199928.5
56	1048684.5
57	927426.0
58	804494.5
59	719917.0
60	625716.5
61	549995.5
62	502570.5
63	459060.0
64	423155.5
65	401975.0
66	384192.0
67	371467.0
68	364238.5
69	352096.0
70	340489.0
71	329602.5
72	317816.5
73	301275.0
74	283105.0
75	261598.5
76	240142.5
77	221983.5
78	205211.5
79	187547.5
80	173613.5
81	163038.5
82	148574.5
83	134881.5
84	124462.0
85	113446.5
86	99809.0
87	91168.5
88	78756.5
89	63331.0
90	54573.0
91	46842.5
92	40434.0
93	35947.0
94	32941.0
95	27752.5
96	18710.0
97	10541.0
98	6013.5
99	4862.0
100	4859.0
>>END_MODULE
>>Per base N content	pass
#Base	N-Count
1	1.2771230606407403E-4
2	1.7879722848970363E-4
3	4.214506100114443E-4
4	0.0
5	0.0
6	0.0
7	1.2771230606407403E-5
8	1.2771230606407403E-5
9	8.429012200228886E-4
10	6.768752221395923E-4
11	0.0
12	1.29554320183138E-4
13	8.004002526115683E-4
14	0.0015745438426395546
15	0.0021775091787489893
16	4.199630264551509E-5
17	0.003208736012990797
18	0.0032293867145085624
19	0.0
20	0.0
21	0.0
22	5.539455833185479E-4
23	6.071206141227386E-4
24	3.8149605411694936E-4
25	7.846449267712289E-4
26	0.0
27	1.737807686091688E-4
28	2.075477219665811E-4
29	2.386494730858284E-5
30	0.0
31	0.0
32	0.0
33	0.0
34	0.0
35	0.0
36	0.0
37	0.0
38	0.02282199144995719
39	0.022236979182532094
40	0.006194726584127098
41	0.0012760137330978026
42	0.0017545188830094785
43	7.975085831861266E-5
>>END_MODULE
>>Sequence Length Distribution	warn
#Length	Count
10	42437.0
11	68892.0
12	97583.0
13	126953.0
14	192313.0
15	158435.0
16	162544.0
17	168503.0
18	188637.0
19	161343.0
20	154836.0
21	169836.0
22	208158.0
23	162859.0
24	159138.0
25	184171.0
26	244522.0
27	360770.0
28	627923.0
29	704412.0
30	617235.0
31	455599.0
32	323162.0
33	273170.0
34	215210.0
35	129533.0
36	81109.0
37	50004.0
38	27684.0
39	21707.0
40	37516.0
41	0.0
42	0.0
43	1253905.0
>>END_MODULE
>>Sequence Duplication Levels	pass
#Total Deduplicated Percentage	88.43238277264359
#Duplication Level	Percentage of deduplicated	Percentage of total
1	93.82096252724199	82.96811270306915
2	4.133742031461667	7.311133152191669
3	0.9809285123067946	2.6023753701874286
4	0.3930392003743879	1.3902957204864654
5	0.20417981165761415	0.9028053629476208
6	0.10882636902721969	0.5774265072943234
7	0.0791719242860737	0.4900953339318978
8	0.04623436474424303	0.3270892032250334
9	0.05380153494880967	0.4282018139114008
>10	0.17039903322048225	2.473685189719928
>50	0.007475961214925034	0.40031795132484704
>100	0.0012387295158219642	0.12846169171025573
>500	0.0	0.0
>1k	0.0	0.0
>5k	0.0	0.0
>10k+	0.0	0.0
>>END_MODULE
>>Overrepresented sequences	pass
>>END_MODULE
>>Adapter Content	pass
#Position	Illumina Universal Adapter	Illumina Small RNA Adapter	Nextera Transposase Sequence
1	0.0	0.0	2.5542461212814807E-5
2	0.0	0.0	3.831369181922221E-5
3	0.0	1.2771230606407403E-5	3.831369181922221E-5
4	1.2771230606407403E-5	1.2771230606407403E-5	6.385615303203701E-5
5	1.2771230606407403E-5	2.5542461212814807E-5	6.385615303203701E-5
6	1.2771230606407403E-5	3.831369181922221E-5	6.385615303203701E-5
7	1.2771230606407403E-5	5.1084922425629614E-5	6.385615303203701E-5
8	1.2771230606407403E-5	1.0216984485125923E-4	6.385615303203701E-5
9	1.2771230606407403E-5	2.2988215091533326E-4	6.385615303203701E-5
10	1.2771230606407403E-5	3.320519957665925E-4	7.662738363844441E-5
11	1.2771230606407403E-5	6.64103991533185E-4	7.662738363844441E-5
12	5.1084922425629614E-5	8.939861424485182E-4	7.662738363844441E-5
13	6.385615303203701E-5	0.0010855546015446293	7.662738363844441E-5
14	6.385615303203701E-5	0.0015708613645881106	7.662738363844441E-5
15	6.385615303203701E-5	0.0018773708991418883	8.939861424485183E-5
16	6.385615303203701E-5	0.0022349653561212954	1.5325476727688883E-4
17	6.385615303203701E-5	0.0025542461212814806	1.9156845909611104E-4
18	6.385615303203701E-5	0.003039552884324962	2.0433968970251846E-4
19	6.385615303203701E-5	0.003384376110697962	2.0433968970251846E-4
20	7.662738363844441E-5	0.00363980072282611	2.1711092030892584E-4
21	7.662738363844441E-5	0.004074022563443962	2.1711092030892584E-4
22	1.0216984485125923E-4	0.004891381322254035	2.2988215091533326E-4
23	1.2771230606407403E-4	0.0058364523871281835	2.2988215091533326E-4
24	1.2771230606407403E-4	0.013946183822196884	2.2988215091533326E-4
25	1.2771230606407403E-4	0.033805447415160395	2.2988215091533326E-4
26	1.2771230606407403E-4	0.060803828917105646	2.2988215091533326E-4
27	1.2771230606407403E-4	0.1033320268364423	2.2988215091533326E-4
28	1.5325476727688883E-4	0.2786427093705967	2.2988215091533326E-4
29	1.5325476727688883E-4	0.41777249559679897	2.2988215091533326E-4
30	1.9156845909611104E-4	0.4671077594293508	2.2988215091533326E-4
31	1.9156845909611104E-4	0.4722162516719137	2.2988215091533326E-4
>>END_MODULE
>>Kmer Content	fail
#Sequence	Count	PValue	Obs/Exp Max	Max Obs/Exp Position
TTAAGCG	1125	0.0	117.06365	32
TTTAAGC	2340	0.0	114.95898	31
ATTTAAG	3450	0.0	110.10758	30
TAAGCGC	320	0.0	109.78054	33
TAAGCGT	425	0.0	108.091606	33
TAAGCGG	320	0.0	105.55821	33
TTAAGCC	515	0.0	104.08768	32
TAAGCGA	185	0.0	102.24882	33
TTAAGCA	460	0.0	102.146164	32
AATTTAA	3585	0.0	100.85486	29
TTTAAGG	680	0.0	99.36724	31
TAAGCCG	225	0.0	99.08397	33
TTAAGCT	500	0.0	96.62164	32
TTTAAGT	495	0.0	83.70558	31
GAATTTA	4120	0.0	83.04968	28
GTGCCAA	2955	0.0	82.01913	37
TCGAGTG	2450	0.0	72.60293	37
TAAGCCC	190	0.0	71.1129	33
AAGCGTA	185	0.0	70.54869	34
TTTAAGA	360	0.0	69.05711	31
>>END_MODULE
