##FastQC	0.11.2
>>Basic Statistics	pass
#Measure	Value
Filename	SRR13129038.fastq.gz.fasta.fastq
File type	Conventional base calls
Encoding	Sanger / Illumina 1.9
Total Sequences	10194925
Sequences flagged as poor quality	0
Sequence length	10-43
%GC	52
>>END_MODULE
>>Per base sequence quality	fail
#Base	Mean	Median	Lower Quartile	Upper Quartile	10th Percentile	90th Percentile
1	34.23713828185094	38.0	34.0	38.0	16.0	38.0
2	35.55187536923602	38.0	36.0	38.0	29.0	38.0
3	35.60625291527177	38.0	36.0	38.0	29.0	38.0
4	35.89865732228468	38.0	37.0	38.0	31.0	38.0
5	36.36568782969491	38.0	37.0	38.0	33.0	38.0
6	36.08546997667059	38.0	37.0	38.0	33.0	38.0
7	36.15045201416619	38.0	37.0	38.0	33.0	38.0
8	35.70712123904483	38.0	37.0	38.0	30.0	38.0
9	35.78143566541411	38.0	37.0	38.0	31.0	38.0
10	36.17183481006535	38.0	37.0	38.0	33.0	38.0
11	36.02381312260036	38.0	37.0	38.0	33.0	38.0
12	35.68254920930226	38.0	37.0	38.0	31.0	38.0
13	35.36503485817284	38.0	37.0	38.0	31.0	38.0
14	35.09581453539339	38.0	37.0	38.0	31.0	38.0
15	33.472696562826535	38.0	36.0	38.0	16.0	38.0
16	32.64559719634334	38.0	34.0	38.0	16.0	38.0
17	32.23411334595237	38.0	35.0	38.0	0.0	38.0
18	31.109365003520796	38.0	34.0	38.0	0.0	38.0
19	29.96520209730418	38.0	31.0	38.0	0.0	38.0
20	28.75937341450959	38.0	27.0	38.0	0.0	38.0
21	27.528028015161258	38.0	16.0	38.0	0.0	38.0
22	26.316270105650542	37.0	0.0	38.0	0.0	38.0
23	25.181873432752248	37.0	0.0	38.0	0.0	38.0
24	24.0063863150886	36.0	0.0	38.0	0.0	38.0
25	23.186617754617203	36.0	0.0	38.0	0.0	38.0
26	21.967892458189855	35.0	0.0	38.0	0.0	38.0
27	20.547185681970596	33.0	0.0	38.0	0.0	38.0
28	18.801167050725837	23.0	0.0	38.0	0.0	38.0
29	16.3398910716893	0.0	0.0	38.0	0.0	38.0
30	13.934445912765687	0.0	0.0	38.0	0.0	38.0
31	11.772365663743964	0.0	0.0	36.0	0.0	38.0
32	9.992599553135546	0.0	0.0	29.0	0.0	38.0
33	8.584927205557106	0.0	0.0	0.0	0.0	38.0
34	7.305018821282878	0.0	0.0	0.0	0.0	38.0
35	6.3104930150513265	0.0	0.0	0.0	0.0	38.0
36	5.574114572372024	0.0	0.0	0.0	0.0	37.0
37	5.039713877707023	0.0	0.0	0.0	0.0	36.0
38	4.608815071229526	0.0	0.0	0.0	0.0	34.0
39	4.291627550652513	0.0	0.0	0.0	0.0	31.0
40	4.023266772162952	0.0	0.0	0.0	0.0	26.0
41	3.790690564556708	0.0	0.0	0.0	0.0	23.0
42	3.7635135127953165	0.0	0.0	0.0	0.0	16.0
43	3.5236122878725102	0.0	0.0	0.0	0.0	15.0
>>END_MODULE
>>Per sequence quality scores	pass
#Quality	Count
13	4.0
14	1104.0
15	11800.0
16	10932.0
17	7356.0
18	6465.0
19	6731.0
20	7501.0
21	8701.0
22	11022.0
23	14410.0
24	20604.0
25	29585.0
26	44157.0
27	63989.0
28	91912.0
29	133413.0
30	187993.0
31	262667.0
32	366836.0
33	520510.0
34	764386.0
35	1184978.0
36	1907716.0
37	3953813.0
38	576340.0
>>END_MODULE
>>Per base sequence content	fail
#Base	G	A	T	C
1	23.850133203595515	14.954124210881497	40.79177668878226	20.40396589674073
2	45.56315313849294	12.179941969074957	21.264250617636705	20.99265427479539
3	46.438100342415936	13.774852963404976	21.236683674825606	18.55036301935348
4	27.78492240011574	13.389122529101488	44.80635218012884	14.019602890653928
5	50.08642537922311	17.989093001398146	16.227412039052382	15.697069580326362
6	49.12179344134459	13.136143718565854	21.354124723820924	16.387938116268632
7	21.777525931289528	12.095667618087944	43.68360604587205	22.44320040475048
8	19.982351996646173	16.36465844119832	37.35962250222439	26.293367059931118
9	18.184763510236166	18.994875957845903	28.380242986651833	34.440117545266105
10	24.930526503706023	41.761165759922	16.27773508211708	17.0305726542549
11	50.423335500948816	13.785788077378944	20.687527682434016	15.103348739238223
12	28.079276834092674	12.344427732089246	43.05430102506125	16.521994408756832
13	53.12670534270869	13.338088946856722	17.606774678991062	15.92843103144353
14	49.47002559947627	12.657972598666925	22.932783328658864	14.93921847319794
15	20.460587132689497	16.202294045633327	49.226290545614894	14.110828276062282
16	20.40183119614243	33.47810738732893	31.59598761610967	14.524073800418966
17	37.36046981162854	31.424851005919724	16.25194571457705	14.962733467874687
18	33.35712072776258	34.377375168117204	17.971997097831924	14.293507006288294
19	24.34413612034237	36.70654318427231	19.917586071577634	19.03173462380769
20	17.966488732024384	24.74801121119833	42.16372375147243	15.121776305304852
21	14.328068794431664	12.212524590503472	48.842925013629994	24.616481601434874
22	16.78909217794339	14.36535410261306	28.027137881770482	40.818415837673065
23	20.24624398488611	10.97681346187757	37.75495266095663	31.021989892279695
24	32.286871031426486	11.149239021068166	17.890858149050718	38.67303179845463
25	40.74887442553464	16.32945184682784	19.496514912667312	23.42515881497021
26	35.69417182087562	14.902376099374722	18.005185401415094	31.398266678334565
27	28.76996900984265	18.36489068876716	23.27779225136946	29.587348050020733
28	29.70236751926707	16.461265281948535	27.10889309672145	26.72747410206295
29	29.641442465408463	19.228696343131716	30.60374823894534	20.52611295251448
30	32.70545589003369	19.460932793640737	25.701105620017362	22.132505696308204
31	35.92765599330981	19.70232658358484	24.509149117232273	19.860868305873076
32	31.838553547785196	24.577695664246484	23.445026869589906	20.138723918378414
33	24.827041859153848	28.509780804890084	25.98572925143044	20.677448084525633
34	20.765432225498326	25.986769811803214	32.6544972327844	20.593300729914066
35	19.38330589235285	19.3275318318942	39.604453788889295	21.684708486863656
36	21.449729677891128	13.84480753785109	37.8004411465014	26.905021637756388
37	22.15536704877382	12.421080583346434	35.91261164975434	29.510940718125404
38	26.565101755974812	10.89473895386661	31.889915540104834	30.650243750053736
39	39.657927433674416	10.320853894507199	25.196904678372427	24.82431399344596
40	48.99674607162545	10.373380556761617	19.714886925582448	20.914986446030483
41	50.662047293444814	7.84211144818221	22.10474544845206	19.391095809920916
42	38.49899632479034	9.736084778782324	32.39990668344972	19.365012212977618
43	37.78204700776209	12.590301613264055	24.32613822033463	25.301513158639228
>>END_MODULE
>>Per sequence GC content	fail
#GC Content	Count
0	6.0
1	5.5
2	5.0
3	6.5
4	11.0
5	14.5
6	17.5
7	27.5
8	51.0
9	88.0
10	149.5
11	229.5
12	336.5
13	537.0
14	781.0
15	1111.5
16	1585.5
17	2276.5
18	3457.5
19	5199.0
20	7527.0
21	10842.0
22	15166.5
23	20466.5
24	27639.0
25	37373.0
26	47646.0
27	57303.0
28	69220.0
29	82353.5
30	97295.5
31	117775.0
32	137644.0
33	157426.0
34	195246.0
35	240129.5
36	278245.5
37	320028.5
38	389496.5
39	480475.0
40	579163.5
41	691785.0
42	795626.0
43	940528.0
44	1093599.5
45	1273475.0
46	1434113.0
47	1548904.5
48	1700628.5
49	1777612.0
50	1804234.5
51	1827715.0
52	1741811.0
53	1628788.0
54	1575602.0
55	1450369.5
56	1306933.0
57	1191291.0
58	1076611.0
59	988210.0
60	891398.0
61	807065.0
62	749402.5
63	692248.5
64	637099.5
65	603039.5
66	570419.5
67	543174.0
68	529138.5
69	506828.5
70	483595.0
71	463109.0
72	441614.5
73	413718.5
74	382009.0
75	346891.0
76	314986.0
77	287747.0
78	262426.5
79	236171.0
80	215644.0
81	199573.5
82	178609.0
83	159504.0
84	145074.5
85	130827.0
86	113643.0
87	102822.0
88	87953.0
89	69837.5
90	59971.5
91	51146.5
92	43797.0
93	39097.0
94	36345.0
95	31192.5
96	21039.5
97	11358.5
98	6423.0
99	5473.5
100	5471.0
>>END_MODULE
>>Per base N content	pass
#Base	N-Count
1	4.904400964205229E-5
2	1.5694083085456735E-4
3	1.3732322699774643E-4
4	0.0
5	2.9426405785231377E-5
6	0.0
7	1.961760385682092E-5
8	3.923520771364184E-5
9	4.315872848500602E-4
10	2.942640578523138E-4
11	0.0
12	1.2915079477908905E-4
13	4.120442752628617E-4
14	8.474209407311751E-4
15	0.0010655386721069033
16	3.210145772719539E-5
17	0.0017049289385618407
18	0.0014758108360161872
19	0.0
20	0.0
21	0.0
22	5.003563063592126E-4
23	5.406503191569737E-4
24	1.5945661823244369E-4
25	2.4266183041638645E-4
26	0.0
27	6.820012371502442E-5
28	1.4871563599914785E-4
29	0.0
30	0.0
31	0.0
32	0.0
33	0.0
34	0.0
35	0.0
36	0.0
37	0.0
38	0.01576030580724286
39	0.01639007772266763
40	0.00455301580384307
41	3.481927490600972E-4
42	9.575300599152674E-4
43	0.0
>>END_MODULE
>>Sequence Length Distribution	warn
#Length	Count
10	48599.0
11	80573.0
12	115366.0
13	155963.0
14	221801.0
15	227253.0
16	254082.0
17	282571.0
18	312823.0
19	288386.0
20	289309.0
21	323611.0
22	381053.0
23	315107.0
24	304890.0
25	331342.0
26	397104.0
27	485698.0
28	677666.0
29	682897.0
30	621618.0
31	505282.0
32	394795.0
33	354007.0
34	274877.0
35	199872.0
36	154494.0
37	117974.0
38	90244.0
39	75714.0
40	81165.0
41	0.0
42	0.0
43	1148789.0
>>END_MODULE
>>Sequence Duplication Levels	pass
#Total Deduplicated Percentage	92.0439074610113
#Duplication Level	Percentage of deduplicated	Percentage of total
1	95.66376157941124	88.05266418187577
2	2.9406319739855293	5.413345145808302
3	0.6931928857934408	1.9141254549780857
4	0.27542922819514787	1.0140632956820783
5	0.13610873720327235	0.6263990005886553
6	0.07718174774999124	0.42624657885475875
7	0.060360310295734056	0.3889059170624931
8	0.03409797724809524	0.25108088499450776
9	0.025780761924338376	0.21356658583543486
>10	0.08821866684672791	1.3293388445047325
>50	0.004680098667675125	0.30178159579353303
>100	5.560326787286932E-4	0.06848251402165069
>500	0.0	0.0
>1k	0.0	0.0
>5k	0.0	0.0
>10k+	0.0	0.0
>>END_MODULE
>>Overrepresented sequences	pass
>>END_MODULE
>>Adapter Content	pass
#Position	Illumina Universal Adapter	Illumina Small RNA Adapter	Nextera Transposase Sequence
1	0.0	0.0	0.0
2	0.0	0.0	9.80880192841046E-6
3	0.0	9.80880192841046E-6	9.80880192841046E-6
4	0.0	1.961760385682092E-5	1.961760385682092E-5
5	0.0	3.923520771364184E-5	1.961760385682092E-5
6	0.0	5.8852811570462755E-5	1.961760385682092E-5
7	0.0	1.2751442506933597E-4	1.961760385682092E-5
8	0.0	1.6674963278297782E-4	1.961760385682092E-5
9	0.0	2.4522004821026145E-4	1.961760385682092E-5
10	9.80880192841046E-6	4.1196968099323927E-4	1.961760385682092E-5
11	9.80880192841046E-6	6.277633234182694E-4	1.961760385682092E-5
12	9.80880192841046E-6	9.122185793421727E-4	1.961760385682092E-5
13	9.80880192841046E-6	0.0012359090429797178	1.961760385682092E-5
14	1.961760385682092E-5	0.0018538635644695768	1.961760385682092E-5
15	2.9426405785231377E-5	0.0025110532936730777	4.904400964205229E-5
16	2.9426405785231377E-5	0.003030919795878832	9.808801928410459E-5
17	3.923520771364184E-5	0.0038352415540084893	1.471320289261569E-4
18	3.923520771364184E-5	0.004678798519851789	1.5694083085456735E-4
19	3.923520771364184E-5	0.0055713994953371405	1.5694083085456735E-4
20	3.923520771364184E-5	0.006464000470822492	1.5694083085456735E-4
21	3.923520771364184E-5	0.0075429686829476435	1.5694083085456735E-4
22	3.923520771364184E-5	0.008690598508571666	1.6674963278297782E-4
23	4.904400964205229E-5	0.010289433222902572	1.6674963278297782E-4
24	5.8852811570462755E-5	0.021236056175008643	1.6674963278297782E-4
25	5.8852811570462755E-5	0.05084882919687982	1.6674963278297782E-4
26	5.8852811570462755E-5	0.0875043220033497	1.6674963278297782E-4
27	6.866161349887322E-5	0.1441403443379917	1.6674963278297782E-4
28	6.866161349887322E-5	0.3024642162644649	1.6674963278297782E-4
29	6.866161349887322E-5	0.45430447011625885	1.6674963278297782E-4
30	7.847041542728368E-5	0.5056829746172729	1.6674963278297782E-4
31	8.827921735569414E-5	0.5089591144613619	1.6674963278297782E-4
>>END_MODULE
>>Kmer Content	fail
#Sequence	Count	PValue	Obs/Exp Max	Max Obs/Exp Position
TTAAGCG	1230	0.0	140.13	32
TTTAAGC	2695	0.0	129.98347	31
TAAGCGT	490	0.0	126.490944	33
TAAGCGC	375	0.0	119.9989	33
TAAGCGG	395	0.0	116.072495	33
ATTTAAG	3890	0.0	115.68217	30
GTGCCAA	3850	0.0	114.863914	37
TAAGCGA	295	0.0	106.49087	33
AATTTAA	4010	0.0	103.61354	29
TTAAGCA	730	0.0	103.3659	32
TTAAGCC	620	0.0	99.926216	32
TTAAGCT	730	0.0	95.749466	32
TAAGCCG	295	0.0	86.34395	33
GGTGCCA	7355	0.0	85.14562	37
TTTAAGG	925	0.0	83.18913	31
GAATTTA	5090	0.0	78.54659	28
CGGTGCC	5055	0.0	75.47544	37
TCGGTGC	10870	0.0	75.0733	37
AAGCGTA	245	0.0	73.455894	34
TGGGTGC	3540	0.0	70.4901	37
>>END_MODULE
