##FastQC	0.11.2
>>Basic Statistics	pass
#Measure	Value
Filename	SRR13129042.fastq.gz.fasta.fastq
File type	Conventional base calls
Encoding	Sanger / Illumina 1.9
Total Sequences	4501226
Sequences flagged as poor quality	0
Sequence length	10-43
%GC	50
>>END_MODULE
>>Per base sequence quality	fail
#Base	Mean	Median	Lower Quartile	Upper Quartile	10th Percentile	90th Percentile
1	34.59748144161602	38.0	35.0	38.0	26.0	38.0
2	35.187013049259946	38.0	36.0	38.0	28.0	38.0
3	35.33540928618641	38.0	36.0	38.0	29.0	38.0
4	36.053851550773174	38.0	37.0	38.0	31.0	38.0
5	36.0998632370692	38.0	37.0	38.0	33.0	38.0
6	35.70528518235343	38.0	37.0	38.0	29.0	38.0
7	36.17649391527706	38.0	38.0	38.0	33.0	38.0
8	35.4188494424644	38.0	37.0	38.0	29.0	38.0
9	35.06514691783404	38.0	36.0	38.0	28.0	38.0
10	35.36053666258134	38.0	36.0	38.0	29.0	38.0
11	35.66064445547373	38.0	37.0	38.0	29.0	38.0
12	36.005231241425506	38.0	37.0	38.0	31.0	38.0
13	35.583728077531184	38.0	37.0	38.0	29.0	38.0
14	35.56871750061125	38.0	37.0	38.0	30.0	38.0
15	35.149799410165464	38.0	37.0	38.0	28.0	38.0
16	33.98597870882189	38.0	35.0	38.0	16.0	38.0
17	34.12727332524299	38.0	35.0	38.0	25.0	38.0
18	33.55616847515523	38.0	34.0	38.0	16.0	38.0
19	33.1140489279855	38.0	34.0	38.0	16.0	38.0
20	32.84833887508891	38.0	34.0	38.0	16.0	38.0
21	33.02826274472823	38.0	35.0	38.0	16.0	38.0
22	31.55062820685741	38.0	31.0	38.0	15.0	38.0
23	31.250142294302975	38.0	31.0	38.0	0.0	38.0
24	30.136139353617644	38.0	28.0	38.0	0.0	38.0
25	29.849486118138476	38.0	28.0	38.0	0.0	38.0
26	29.064641943669933	38.0	27.0	38.0	0.0	38.0
27	28.285744151104563	37.0	16.0	38.0	0.0	38.0
28	26.60036554434312	37.0	14.0	38.0	0.0	38.0
29	23.243901328576754	34.0	0.0	38.0	0.0	38.0
30	19.739133294061503	27.0	0.0	38.0	0.0	38.0
31	17.032679762931174	14.0	0.0	38.0	0.0	38.0
32	15.264720322684012	0.0	0.0	37.0	0.0	38.0
33	14.266485397751019	0.0	0.0	37.0	0.0	38.0
34	13.586094321255457	0.0	0.0	37.0	0.0	38.0
35	13.100456408839408	0.0	0.0	36.0	0.0	38.0
36	12.65227584709162	0.0	0.0	36.0	0.0	38.0
37	12.3537758385054	0.0	0.0	35.0	0.0	38.0
38	11.911680950395436	0.0	0.0	34.0	0.0	38.0
39	11.633309458974551	0.0	0.0	33.0	0.0	38.0
40	11.527955716377056	0.0	0.0	32.0	0.0	38.0
41	11.479892367654736	0.0	0.0	33.0	0.0	38.0
42	11.441333983349345	0.0	0.0	33.0	0.0	38.0
43	10.765472339866676	0.0	0.0	28.0	0.0	38.0
>>END_MODULE
>>Per sequence quality scores	pass
#Quality	Count
13	8.0
14	1072.0
15	11522.0
16	11156.0
17	7136.0
18	6256.0
19	6212.0
20	6626.0
21	7704.0
22	9562.0
23	13249.0
24	19544.0
25	28842.0
26	42322.0
27	59835.0
28	83613.0
29	112789.0
30	149167.0
31	186231.0
32	223371.0
33	267389.0
34	333811.0
35	458629.0
36	710529.0
37	1529149.0
38	215502.0
>>END_MODULE
>>Per base sequence content	fail
#Base	G	A	T	C
1	14.004951996294334	10.405079517419185	64.15501148023367	11.43495700605281
2	62.73936320290482	7.497399590421606	17.871378699168712	11.891858507504864
3	64.01928903990017	8.194642817074257	15.614449362382418	12.171618780643156
4	18.127994461953254	8.124808663239747	65.90211200237447	7.845084872432532
5	68.61052269104522	11.721764630739411	10.243633677498904	9.424079000716471
6	66.56768622593044	9.362449252714706	14.71861221809347	9.35125230326138
7	13.34383121398481	7.5282600784763964	63.13819834862768	15.989710358911106
8	10.616292505392423	11.267982057320866	52.35739264639855	25.758332790888165
9	9.486811604313028	14.000187507470308	30.224449107939876	46.28855178027679
10	16.23973797099028	63.40875872354389	10.135873229714601	10.21563007575123
11	67.66716110158467	9.69204456813354	14.498575114975592	8.142219215306191
12	18.217549588765205	8.54290848742549	63.55999082276419	9.679551101045115
13	69.83595571102097	9.61112416445239	10.524870497539862	10.028049626986773
14	66.76392076866449	7.771873564566138	16.24589863983042	9.218307026938952
15	13.19215695526138	10.113242198478838	68.74838799829142	7.946212847968362
16	12.644434923811362	47.721983217831024	32.18784604497541	7.445735813382208
17	51.37128326676269	31.69406860870192	9.518101719694364	7.416546404841022
18	35.78781410040755	46.36545667160117	10.378820096317723	7.467909131673556
19	25.957867770113136	51.058961330997256	10.807563618891239	12.175607279998374
20	12.365828034386896	26.09749400993791	53.648571702187176	7.8881062534880115
21	8.254179070845996	8.291209793469669	69.71988511653471	13.73472601914963
22	9.661607929424768	10.537044079984682	28.967393501553353	50.83395448903719
23	14.842446952993257	6.784070198484844	49.054985017736826	29.318497830785077
24	35.08524691224915	7.534302352868054	11.120266579734816	46.26018415514799
25	56.001591836903344	12.885098505883906	15.539907485455506	15.57340217175724
26	38.69963714865543	11.827570389899499	16.798418140673544	32.674374320771534
27	34.42161300000216	16.146538160203573	25.635517770540204	23.796331069254062
28	29.900064469932442	15.623384862665347	29.13838318313656	25.338167484265657
29	27.5651952187311	17.284747806630314	34.22606020293145	20.92399677170714
30	35.325508757261396	15.589672529855722	28.499540826981406	20.585277885901473
31	43.31503585588375	17.774223822231086	25.50735703783782	13.403383284047345
32	36.07754965646592	32.455906526278376	19.714964255843554	11.75157956141215
33	22.794839191721053	41.65706549397712	24.96543320542633	10.582662108875498
34	13.214215229057679	33.84819606093786	41.715722454276325	11.221866255728132
35	10.351154939677649	19.84149330347985	53.35787028685082	16.44948146999169
36	11.524439108359491	9.864633811170096	50.93732189611029	27.673605184360127
37	14.023611609486162	7.044219129496125	46.801994027407495	32.13017523361022
38	23.167392808165147	5.876284906370223	34.81959732521025	36.13672496025438
39	44.08432686706924	5.772326552480946	24.63742470157122	25.50592187887859
40	58.27962579255416	6.100956910425523	16.67566283521092	18.943754461809398
41	61.36688721459441	4.857345010899912	20.610713784882904	13.165053989622773
42	47.23146843786055	6.880310553859295	30.529509628317005	15.358711379963157
43	38.97355877407355	9.255448937366383	24.700893272600485	27.07009901595958
>>END_MODULE
>>Per sequence GC content	fail
#GC Content	Count
0	4.0
1	5.5
2	8.0
3	12.5
4	16.5
5	17.5
6	26.0
7	37.5
8	58.0
9	90.0
10	125.5
11	165.0
12	206.0
13	292.0
14	384.5
15	512.0
16	684.5
17	903.0
18	1175.0
19	1453.5
20	1924.0
21	2635.0
22	3715.5
23	4953.0
24	6978.5
25	9776.0
26	12209.5
27	15276.0
28	18702.0
29	21876.0
30	25907.5
31	31470.0
32	35801.0
33	39471.0
34	49934.0
35	62852.5
36	74471.5
37	85779.5
38	107348.0
39	139039.0
40	170583.0
41	220671.0
42	267611.5
43	345422.5
44	423358.5
45	543233.5
46	658891.0
47	706693.0
48	831091.0
49	918700.0
50	936379.0
51	953954.0
52	878913.5
53	791697.0
54	770790.0
55	656882.5
56	539275.5
57	456832.0
58	365839.0
59	311778.5
60	249051.0
61	206740.0
62	179723.5
63	150255.5
64	126355.0
65	111193.5
66	98716.0
67	88519.5
68	84155.0
69	79410.0
70	74237.5
71	70304.0
72	66637.5
73	62446.5
74	58045.0
75	53848.5
76	49850.0
77	46422.5
78	43343.0
79	39634.0
80	36623.0
81	34023.0
82	30419.5
83	27246.0
84	25158.0
85	22760.0
86	19435.0
87	17356.0
88	14885.0
89	11642.5
90	9813.5
91	8542.5
92	7587.0
93	6991.5
94	6626.5
95	5487.0
96	3366.5
97	1818.0
98	1206.0
99	1045.0
100	1046.0
>>END_MODULE
>>Per base N content	pass
#Base	N-Count
1	2.4437786505276563E-4
2	2.66594034603017E-4
3	3.7767488235427416E-4
4	0.0
5	2.221616955025142E-5
6	0.0
7	0.0
8	6.664850865075425E-5
9	0.0015995642076181023
10	9.99727629761314E-4
11	0.0
12	1.1159077787029893E-4
13	0.0012319016843903722
14	0.002340525272384255
15	0.003946909082495617
16	4.5626016319513517E-5
17	0.004568439703368225
18	0.005691556506513362
19	0.0
20	0.0
21	0.0
22	0.0014525027954626717
23	0.001118716171265999
24	5.073817705340573E-4
25	0.001110451439829414
26	0.0
27	8.09369913615949E-5
28	2.853906527141079E-4
29	0.0
30	0.0
31	0.0
32	0.0
33	0.0
34	0.0
35	0.0
36	0.0
37	0.0
38	0.023174521130673965
39	0.02051776014861247
40	0.005409845545800561
41	0.0011473459974834879
42	0.0017847604405298698
43	0.0
>>END_MODULE
>>Sequence Length Distribution	warn
#Length	Count
10	7881.0
11	12688.0
12	16015.0
13	21195.0
14	34934.0
15	25049.0
16	27491.0
17	33781.0
18	43235.0
19	39435.0
20	45707.0
21	63014.0
22	108333.0
23	80663.0
24	69506.0
25	70191.0
26	95521.0
27	202618.0
28	417508.0
29	448022.0
30	351785.0
31	215826.0
32	127489.0
33	93914.0
34	70068.0
35	51082.0
36	42240.0
37	37673.0
38	20504.0
39	19679.0
40	39341.0
41	0.0
42	0.0
43	1568838.0
>>END_MODULE
>>Sequence Duplication Levels	pass
#Total Deduplicated Percentage	87.85741401959642
#Duplication Level	Percentage of deduplicated	Percentage of total
1	93.01134725461596	81.71736444269249
2	4.837345972379879	8.499934157028125
3	1.0879508999222667	2.8675365794238927
4	0.40334799568338237	1.4174844740291725
5	0.17163609593335874	0.7539751770562135
6	0.13134220356524084	0.6923631814126486
7	0.0799695130371119	0.4918140231092938
8	0.04133903231058875	0.2905552381504696
9	0.04481280194186885	0.3543423204226452
>10	0.18751640998703845	2.682057913338309
>50	0.0028820971145214138	0.16840569939324188
>100	5.097235087909648E-4	0.06416679394344404
>500	0.0	0.0
>1k	0.0	0.0
>5k	0.0	0.0
>10k+	0.0	0.0
>>END_MODULE
>>Overrepresented sequences	pass
>>END_MODULE
>>Adapter Content	pass
#Position	Illumina Universal Adapter	Illumina Small RNA Adapter	Nextera Transposase Sequence
1	0.0	0.0	0.0
2	0.0	0.0	0.0
3	2.221616955025142E-5	0.0	0.0
4	4.443233910050284E-5	0.0	0.0
5	4.443233910050284E-5	0.0	0.0
6	4.443233910050284E-5	0.0	0.0
7	6.664850865075426E-5	0.0	0.0
8	8.886467820100569E-5	4.443233910050284E-5	0.0
9	8.886467820100569E-5	1.110808477512571E-4	0.0
10	8.886467820100569E-5	2.221616955025142E-4	0.0
11	8.886467820100569E-5	4.887557301055313E-4	0.0
12	8.886467820100569E-5	9.108629515603082E-4	0.0
13	1.110808477512571E-4	0.0013107540034648338	0.0
14	1.3329701730150853E-4	0.002332697802776399	0.0
15	1.3329701730150853E-4	0.0030213990588341933	4.443233910050284E-5
16	1.3329701730150853E-4	0.0036212356366909816	4.443233910050284E-5
17	1.3329701730150853E-4	0.004443233910050284	1.999455259522628E-4
18	1.5551318685175995E-4	0.005687339404864364	1.999455259522628E-4
19	1.7772935640201137E-4	0.006687067034625678	1.999455259522628E-4
20	1.7772935640201137E-4	0.007864524020789004	1.999455259522628E-4
21	1.999455259522628E-4	0.010041708636713642	1.999455259522628E-4
22	2.221616955025142E-4	0.013396350238801607	1.999455259522628E-4
23	2.888102041532685E-4	0.01703980204504284	1.999455259522628E-4
24	3.332425432537713E-4	0.035412574263100766	1.999455259522628E-4
25	3.5545871280402274E-4	0.08766500504529211	1.999455259522628E-4
26	3.5545871280402274E-4	0.15211411291057148	1.999455259522628E-4
27	3.998910519045256E-4	0.3195351666412662	1.999455259522628E-4
28	3.998910519045256E-4	0.8565666331794938	1.999455259522628E-4
29	4.443233910050284E-4	1.3098431405132736	1.999455259522628E-4
30	4.887557301055313E-4	1.4802189447941516	1.999455259522628E-4
31	5.331880692060341E-4	1.485728554842614	1.999455259522628E-4
>>END_MODULE
>>Kmer Content	fail
#Sequence	Count	PValue	Obs/Exp Max	Max Obs/Exp Position
TAAGCGT	295	0.0	66.069435	33
TTAAGCG	715	0.0	64.14873	32
ATTTAAG	2165	0.0	61.951252	30
TTTAAGC	1465	0.0	61.635708	31
AATTTAA	2310	0.0	60.35385	29
TTAAGCC	280	0.0	56.804516	32
GAATTTA	2795	0.0	54.91595	28
GTGCCAA	3110	0.0	53.514812	37
TAAGCGC	225	0.0	53.307304	33
TTTAAGG	470	0.0	50.71963	31
CTGAATT	5865	0.0	48.96612	26
TAAGCGG	210	0.0	48.190754	33
TCACCCC	490	0.0	47.5374	29
GCTGAAT	6075	0.0	46.651802	25
CACCCCA	485	0.0	45.002125	30
TTTAAGT	340	0.0	44.617004	31
TTAAGCA	335	0.0	44.16595	32
TATTCAC	500	0.0	44.13724	26
GGTGCAA	695	0.0	43.641575	37
AAGCGTA	115	0.0	42.88233	34
>>END_MODULE
