##FastQC	0.11.2
>>Basic Statistics	pass
#Measure	Value
Filename	SRR13129040.fastq.gz.fasta.fastq
File type	Conventional base calls
Encoding	Sanger / Illumina 1.9
Total Sequences	8208659
Sequences flagged as poor quality	0
Sequence length	10-43
%GC	52
>>END_MODULE
>>Per base sequence quality	fail
#Base	Mean	Median	Lower Quartile	Upper Quartile	10th Percentile	90th Percentile
1	34.53052818976131	38.0	35.0	38.0	26.0	38.0
2	35.52798952913345	38.0	36.0	38.0	29.0	38.0
3	35.61719277187186	38.0	36.0	38.0	29.0	38.0
4	36.10621101465627	38.0	37.0	38.0	31.0	38.0
5	36.35975462006351	38.0	37.0	38.0	33.0	38.0
6	36.129473279317686	38.0	37.0	38.0	33.0	38.0
7	36.31093982574192	38.0	38.0	38.0	33.0	38.0
8	35.61633903905491	38.0	37.0	38.0	29.0	38.0
9	35.67010518997465	38.0	36.0	38.0	29.0	38.0
10	35.993596274345016	38.0	37.0	38.0	31.0	38.0
11	36.09316600924489	38.0	37.0	38.0	33.0	38.0
12	35.99124168744535	38.0	37.0	38.0	33.0	38.0
13	35.78700101923888	38.0	37.0	38.0	33.0	38.0
14	35.726135292248784	38.0	37.0	38.0	33.0	38.0
15	34.761395862489444	38.0	37.0	38.0	28.0	38.0
16	33.966774231535226	38.0	36.0	38.0	25.0	38.0
17	33.957657152163776	38.0	36.0	38.0	25.0	38.0
18	33.20760516407975	38.0	35.0	38.0	16.0	38.0
19	32.42528590784991	38.0	35.0	38.0	16.0	38.0
20	31.633247647723962	38.0	34.0	38.0	0.0	38.0
21	31.021159241852082	38.0	33.0	38.0	0.0	38.0
22	29.791403078585148	38.0	29.0	38.0	0.0	38.0
23	28.979864433390123	38.0	28.0	38.0	0.0	38.0
24	27.865213550799986	38.0	16.0	38.0	0.0	38.0
25	27.22534679469286	38.0	15.0	38.0	0.0	38.0
26	26.067638574731813	37.0	0.0	38.0	0.0	38.0
27	24.645278843504148	37.0	0.0	38.0	0.0	38.0
28	22.669612419082146	35.0	0.0	38.0	0.0	38.0
29	19.573659960142656	27.0	0.0	38.0	0.0	38.0
30	16.388159747236838	0.0	0.0	38.0	0.0	38.0
31	13.531825964837092	0.0	0.0	37.0	0.0	38.0
32	11.460767100223496	0.0	0.0	35.0	0.0	38.0
33	10.093103391390711	0.0	0.0	29.0	0.0	38.0
34	8.970872466558973	0.0	0.0	15.0	0.0	38.0
35	8.002462887671644	0.0	0.0	0.0	0.0	38.0
36	7.279971917112105	0.0	0.0	0.0	0.0	38.0
37	6.831878263761028	0.0	0.0	0.0	0.0	38.0
38	6.480154675500077	0.0	0.0	0.0	0.0	38.0
39	6.301516604970928	0.0	0.0	0.0	0.0	38.0
40	6.200523617880522	0.0	0.0	0.0	0.0	38.0
41	6.1289895215988155	0.0	0.0	0.0	0.0	38.0
42	6.089633642141222	0.0	0.0	0.0	0.0	38.0
43	5.736004870095243	0.0	0.0	0.0	0.0	36.0
>>END_MODULE
>>Per sequence quality scores	pass
#Quality	Count
13	2.0
14	1337.0
15	13960.0
16	13029.0
17	8364.0
18	7114.0
19	7068.0
20	7737.0
21	8852.0
22	11048.0
23	14750.0
24	21050.0
25	30748.0
26	44449.0
27	63653.0
28	90353.0
29	125798.0
30	173053.0
31	230763.0
32	305995.0
33	412199.0
34	581503.0
35	883210.0
36	1456877.0
37	3224420.0
38	471327.0
>>END_MODULE
>>Per base sequence content	fail
#Base	G	A	T	C
1	21.001511575834865	12.014104142799573	50.04691391473289	16.93747036663267
2	54.57218467306488	8.845611219485988	18.91622334350594	17.665980763943192
3	56.219949331411456	12.053451998602448	17.71464832890629	14.01195034107981
4	23.542006069444472	9.982507496047772	56.49238200782857	9.983104426679192
5	60.73569385693814	15.711762420634113	11.96101580051017	11.591527921917576
6	60.559209488419484	9.980326871904412	17.198619165444683	12.261844474231419
7	17.654481402441178	8.896850130679095	53.57185059969608	19.87681786718365
8	17.468645293456078	14.031005806553473	41.21479813504184	27.285550764948614
9	14.80302862703573	16.050975293728385	31.719412947682702	37.42658313155319
10	21.530078796407143	53.5836522154812	12.161698740458661	12.724570247652986
11	62.117637999409624	10.337275868032956	16.959658537748044	10.585427594809373
12	24.66949321966212	8.79917507158074	52.857421089265074	13.673910619492066
13	65.13076232811595	9.709373400245486	13.462706325095814	11.69715794654275
14	60.898585309859165	8.841878721251641	19.263542683212933	10.995993285676255
15	16.96454275837316	12.746421847353142	59.89709780808634	10.391937586187355
16	18.41801228330196	37.17062776368563	33.05541851124628	11.35594144176613
17	41.13085038646187	34.55565595537396	13.147446553873019	11.16604710429115
18	36.08787373698423	38.07636776102238	14.760174559679085	11.0755839423143
19	26.15115245840201	40.58665130073323	15.755988655569228	17.50620758529553
20	15.367480891660554	27.79703067720764	45.24053110851875	11.594957322613055
21	11.920631726164848	9.398254878955045	57.095138942522624	21.585974452357487
22	14.56095431745455	12.399090787216018	28.525431518668405	44.51452337666103
23	18.981229415947613	7.855523482717705	41.20080526057471	31.962441840759976
24	32.72555721662554	8.710241504797013	15.706117155774034	42.85808412280341
25	44.60555052485929	13.980059978916174	19.360494424150993	22.053895072073544
26	38.449911532603515	13.74795422765919	16.833216408414025	30.968917831323267
27	30.834645977370474	17.07904475146749	22.731990401541566	29.35431886962047
28	30.12292562999385	15.663864592690652	26.501555482010307	27.711654295305188
29	29.45594912271037	17.327169793982776	31.74621977304593	21.470661310260926
30	35.37505978481356	17.101839622458094	25.771771717279073	21.75132887544928
31	40.90426885128387	18.647823215442706	22.866796249857448	17.581111683415983
32	34.262206259514485	28.78252513224054	20.698512931598096	16.25675567664688
33	23.32839361536599	36.1169656430273	24.74249535913358	15.812145382473124
34	15.79220701863458	29.16769819834074	38.72832154750226	16.311773235522413
35	13.042572476442338	18.237721590753033	49.47132269604437	19.248383236760265
36	14.618625486584765	10.02246554271489	45.69798349828304	29.660925472417304
37	17.74930161585045	7.468465085575976	43.41856649478125	31.363666803792324
38	27.084649773852654	6.227059660772752	32.4097996767009	34.27849088867369
39	47.83171917936847	5.906640962845715	22.75797399723799	23.50366586054783
40	59.366218641026514	6.475580823009472	16.9517502168076	17.206450319156417
41	59.92754899787055	4.754864954842046	20.39841352668784	14.919172520599568
42	44.399229401701156	7.447285958686178	30.188911797843883	17.964572841768785
43	37.01648021510087	11.27698724814637	22.085216437211002	29.62131609954176
>>END_MODULE
>>Per sequence GC content	fail
#GC Content	Count
0	3.0
1	3.0
2	3.0
3	7.0
4	12.0
5	13.0
6	11.0
7	13.5
8	30.0
9	51.5
10	83.5
11	128.0
12	170.0
13	247.0
14	341.5
15	479.5
16	692.5
17	1010.5
18	1542.0
19	2220.5
20	3085.5
21	4316.0
22	5936.5
23	7917.0
24	10813.0
25	15148.5
26	20099.0
27	25236.0
28	31567.5
29	38225.0
30	46291.0
31	57685.5
32	67476.0
33	77169.5
34	98760.0
35	126318.0
36	150075.0
37	174911.0
38	222006.0
39	286115.5
40	360465.5
41	454408.0
42	539987.5
43	672030.5
44	811202.0
45	996880.0
46	1167162.0
47	1268736.0
48	1447023.0
49	1556847.0
50	1583045.5
51	1606063.5
52	1501362.5
53	1365391.5
54	1308523.0
55	1152969.0
56	985968.0
57	861756.0
58	737787.0
59	657191.5
60	567503.5
61	498900.0
62	458013.0
63	416956.5
64	381867.0
65	361703.5
66	344113.5
67	330573.5
68	327713.5
69	319687.0
70	307587.0
71	297665.5
72	285796.0
73	267898.0
74	246850.0
75	224907.0
76	202602.0
77	183144.0
78	167451.0
79	150867.0
80	137393.5
81	127634.0
82	116607.5
83	105841.0
84	97045.5
85	87547.5
86	76504.5
87	69435.0
88	60144.5
89	49204.0
90	42614.0
91	36513.0
92	31210.0
93	27197.5
94	24312.5
95	20380.5
96	14349.5
97	8767.0
98	5079.5
99	3937.5
100	3935.0
>>END_MODULE
>>Per base N content	pass
#Base	N-Count
1	8.527580448889399E-5
2	1.4618709340953254E-4
3	2.8019192903493736E-4
4	0.0
5	0.0
6	0.0
7	1.2182257784127711E-5
8	3.6546773352383135E-5
9	6.700241781270242E-4
10	4.3856128022859767E-4
11	0.0
12	1.2280091196869265E-4
13	4.5707062939490394E-4
14	0.001593052102386952
15	0.0017630709673844467
16	2.5470283311055322E-5
17	0.002400246528546674
18	0.0025838068235846216
19	0.0
20	0.0
21	0.0
22	6.315532621879015E-4
23	6.259852747397206E-4
24	1.3855059452060108E-4
25	5.411793731073644E-4
26	0.0
27	6.986789727323064E-5
28	7.564648431073004E-5
29	0.0
30	0.0
31	0.0
32	0.0
33	0.0
34	0.0
35	0.0
36	0.0
37	0.0
38	0.01688497716789711
39	0.01730747983295408
40	0.0049479166666666664
41	6.698457546180841E-4
42	0.0010047686319271261
43	0.0
>>END_MODULE
>>Sequence Length Distribution	warn
#Length	Count
10	27374.0
11	38023.0
12	48233.0
13	60138.0
14	94201.0
15	88402.0
16	103084.0
17	124795.0
18	158543.0
19	148642.0
20	157033.0
21	193241.0
22	257527.0
23	213601.0
24	213247.0
25	240236.0
26	317249.0
27	437336.0
28	695371.0
29	734798.0
30	665813.0
31	476833.0
32	311293.0
33	254738.0
34	219281.0
35	150903.0
36	106292.0
37	67455.0
38	39180.0
39	29797.0
40	43119.0
41	0.0
42	0.0
43	1492881.0
>>END_MODULE
>>Sequence Duplication Levels	pass
#Total Deduplicated Percentage	89.61022892878987
#Duplication Level	Percentage of deduplicated	Percentage of total
1	94.74496151531235	84.90117691236524
2	3.465940340007725	6.211674146432399
3	0.8237473421916183	2.214485637398193
4	0.34241696234042834	1.2273624953770639
5	0.1958683382906478	0.8775903317063303
6	0.09803498951526722	0.5270962712096766
7	0.08011092156837094	0.5025130615006633
8	0.04736418944285856	0.33954526872009017
9	0.03590112525893479	0.2895397247928876
>10	0.15667827190977493	2.3422685076740675
>50	0.008075982121117854	0.4671399148591371
>100	9.000220409361339E-4	0.09960772796422764
>500	0.0	0.0
>1k	0.0	0.0
>5k	0.0	0.0
>10k+	0.0	0.0
>>END_MODULE
>>Overrepresented sequences	pass
>>END_MODULE
>>Adapter Content	pass
#Position	Illumina Universal Adapter	Illumina Small RNA Adapter	Nextera Transposase Sequence
1	0.0	1.2182257784127713E-5	0.0
2	0.0	2.4364515568255425E-5	0.0
3	0.0	3.6546773352383135E-5	0.0
4	0.0	3.6546773352383135E-5	4.872903113651085E-5
5	0.0	6.091128892063856E-5	4.872903113651085E-5
6	0.0	7.309354670476627E-5	4.872903113651085E-5
7	0.0	8.527580448889399E-5	4.872903113651085E-5
8	1.2182257784127713E-5	1.3400483562540482E-4	4.872903113651085E-5
9	1.2182257784127713E-5	2.4364515568255424E-4	4.872903113651085E-5
10	1.2182257784127713E-5	3.898322490920868E-4	4.872903113651085E-5
11	1.2182257784127713E-5	5.725661158540024E-4	4.872903113651085E-5
12	2.4364515568255425E-5	7.674822404000459E-4	4.872903113651085E-5
13	3.6546773352383135E-5	0.0010720386850032386	4.872903113651085E-5
14	3.6546773352383135E-5	0.0016324225430731133	4.872903113651085E-5
15	3.6546773352383135E-5	0.0020100725343810723	6.091128892063856E-5
16	3.6546773352383135E-5	0.0022658999478477543	7.309354670476627E-5
17	4.872903113651085E-5	0.002704461228076352	1.096403200571494E-4
18	6.091128892063856E-5	0.003374485406203376	1.2182257784127712E-4
19	6.091128892063856E-5	0.003971416037625634	1.2182257784127712E-4
20	6.091128892063856E-5	0.004604893442400275	1.2182257784127712E-4
21	6.091128892063856E-5	0.005384557940584449	1.2182257784127712E-4
22	7.309354670476627E-5	0.006834246616895646	1.2182257784127712E-4
23	1.096403200571494E-4	0.008393575613263994	1.2182257784127712E-4
24	1.3400483562540482E-4	0.018699765698636038	1.2182257784127712E-4
25	1.4618709340953254E-4	0.05745152770994629	1.2182257784127712E-4
26	1.4618709340953254E-4	0.1136361006103433	1.2182257784127712E-4
27	1.5836935119366025E-4	0.21551632245900335	1.2182257784127712E-4
28	1.7055160897778797E-4	0.5232401540860694	1.2182257784127712E-4
29	1.7055160897778797E-4	0.7614398405391185	1.2182257784127712E-4
30	1.7055160897778797E-4	0.8327304130918339	1.2182257784127712E-4
31	2.192806401142988E-4	0.8365069130049134	1.2182257784127712E-4
>>END_MODULE
>>Kmer Content	fail
#Sequence	Count	PValue	Obs/Exp Max	Max Obs/Exp Position
TTAAGCG	805	0.0	104.8527	32
TTTAAGC	1675	0.0	99.08437	31
ATTTAAG	2630	0.0	96.84685	30
TAAGCGC	225	0.0	91.95121	33
GTGCCAA	3475	0.0	91.7029	37
AATTTAA	2835	0.0	88.05414	29
TAAGCGG	270	0.0	85.91401	33
TAAGCGT	370	0.0	79.63834	33
TTAAGCC	370	0.0	79.347984	32
TTTAAGG	685	0.0	74.48387	31
GAATTTA	3490	0.0	71.221535	28
TTTAAGT	445	0.0	71.16513	31
TAAGCGA	190	0.0	69.29338	33
GGTGCAA	1000	0.0	68.98988	37
TTAAGCA	470	0.0	68.97225	32
GGTGCCA	7280	0.0	66.06567	37
TGGGTGC	6580	0.0	65.904366	37
GGGTGCC	10285	0.0	62.734047	37
GGGCCAA	1200	0.0	61.871883	37
TTAAGCT	455	0.0	59.147675	32
>>END_MODULE
