##FastQC	0.11.2
>>Basic Statistics	pass
#Measure	Value
Filename	SRR13129036.fastq.gz.fasta.fastq
File type	Conventional base calls
Encoding	Sanger / Illumina 1.9
Total Sequences	11185006
Sequences flagged as poor quality	0
Sequence length	10-43
%GC	53
>>END_MODULE
>>Per base sequence quality	fail
#Base	Mean	Median	Lower Quartile	Upper Quartile	10th Percentile	90th Percentile
1	34.0974090674163	38.0	34.0	38.0	16.0	38.0
2	35.22292460088054	38.0	36.0	38.0	28.0	38.0
3	35.37560569947374	38.0	36.0	38.0	29.0	38.0
4	35.84368698571642	38.0	37.0	38.0	31.0	38.0
5	36.16848770594461	38.0	37.0	38.0	33.0	38.0
6	35.84300696838674	38.0	37.0	38.0	31.0	38.0
7	36.055386022907406	38.0	37.0	38.0	31.0	38.0
8	35.35786203425688	38.0	36.0	38.0	29.0	38.0
9	35.26067236791616	38.0	36.0	38.0	29.0	38.0
10	35.82879562176117	38.0	37.0	38.0	31.0	38.0
11	35.96917569826718	38.0	37.0	38.0	31.0	38.0
12	35.94738956789941	38.0	37.0	38.0	31.0	38.0
13	35.88315822046018	38.0	37.0	38.0	31.0	38.0
14	35.98701583165383	38.0	37.0	38.0	33.0	38.0
15	35.17763155420996	38.0	37.0	38.0	29.0	38.0
16	34.66384077017872	38.0	36.0	38.0	27.0	38.0
17	34.89751976916198	38.0	36.0	38.0	28.0	38.0
18	34.41781819350736	38.0	36.0	38.0	27.0	38.0
19	33.92508175730399	38.0	36.0	38.0	16.0	38.0
20	33.2962539314037	38.0	35.0	38.0	16.0	38.0
21	32.82134484228928	38.0	35.0	38.0	16.0	38.0
22	31.88959683966825	38.0	33.0	38.0	14.0	38.0
23	31.395059957807753	38.0	33.0	38.0	0.0	38.0
24	30.528018760891225	38.0	30.0	38.0	0.0	38.0
25	30.082821054665096	38.0	29.0	38.0	0.0	38.0
26	29.060628934134805	38.0	27.0	38.0	0.0	38.0
27	27.8269777397647	38.0	16.0	38.0	0.0	38.0
28	26.06877779107262	37.0	0.0	38.0	0.0	38.0
29	23.27853824861565	36.0	0.0	38.0	0.0	38.0
30	20.267933695979952	29.0	0.0	38.0	0.0	38.0
31	17.777607449135814	14.0	0.0	38.0	0.0	38.0
32	15.738744889252915	0.0	0.0	38.0	0.0	38.0
33	14.121954159779534	0.0	0.0	38.0	0.0	38.0
34	12.598744158052195	0.0	0.0	37.0	0.0	38.0
35	11.312444623032306	0.0	0.0	35.0	0.0	38.0
36	10.357903875198375	0.0	0.0	29.0	0.0	38.0
37	9.633413249724422	0.0	0.0	25.0	0.0	38.0
38	9.021323547020808	0.0	0.0	15.0	0.0	38.0
39	8.57065539465296	0.0	0.0	14.0	0.0	38.0
40	8.17746007489702	0.0	0.0	0.0	0.0	38.0
41	7.881524246978102	0.0	0.0	0.0	0.0	38.0
42	7.8170407769401855	0.0	0.0	0.0	0.0	38.0
43	7.363627072681775	0.0	0.0	0.0	0.0	37.0
>>END_MODULE
>>Per sequence quality scores	pass
#Quality	Count
13	6.0
14	2607.0
15	24756.0
16	23750.0
17	15312.0
18	12984.0
19	13079.0
20	14009.0
21	15918.0
22	18547.0
23	23640.0
24	32497.0
25	46654.0
26	67259.0
27	95402.0
28	134358.0
29	185828.0
30	253135.0
31	337388.0
32	446725.0
33	599671.0
34	844216.0
35	1271201.0
36	2079911.0
37	4138532.0
38	487621.0
>>END_MODULE
>>Per base sequence content	fail
#Base	G	A	T	C
1	20.487735839525637	12.275872600321733	49.50966871759999	17.72672284255264
2	53.34655641176255	10.09811363264518	18.438335662347484	18.116994293244787
3	54.16806288433238	11.85361082451645	18.145513000470274	15.832813290680894
4	24.91605279424973	10.534048886518255	52.392479717936666	12.157418601295342
5	59.5092304823082	14.980233358837717	12.208486969072704	13.302049189781393
6	57.207434667446755	10.959350401778952	17.934599230434028	13.898615700340258
7	18.164634450538124	10.179510090211908	51.338623395372984	20.31723206387699
8	17.761412606168978	14.001153330353153	39.83433169423335	28.403102369244525
9	16.252107752416205	16.830655616053786	29.945354898121572	36.97188173340844
10	22.86113394442983	50.21993894995423	12.494704925076814	14.424222180539124
11	58.40380331120434	10.864865735739148	17.66012940853194	13.071201544524572
12	25.90986825624447	9.585972533016632	49.91035851394177	14.593800696797132
13	62.08266949878774	10.400810019697765	13.801701016200486	13.71481946531402
14	57.1213265037813	10.150151796544659	19.70144034487771	13.027081354796335
15	17.90009571313352	13.113052678105669	56.51873673161623	12.468114877144586
16	19.021021346015484	36.38015223755019	31.712409169525746	12.88641724690858
17	40.985343647025836	32.81038459707617	13.208501908250792	12.995769847647193
18	36.524235575873675	35.98419230205989	14.705552374292754	12.786019747773686
19	26.94121635796919	39.2054411676557	16.738671102319728	17.114671372055383
20	16.298379742379343	26.88075371264781	43.70008770452377	13.120778840449084
21	13.287719051121325	10.713054144060617	55.00556323362618	20.993663571191878
22	15.251992846052985	13.210026106263701	28.55869285287149	42.97928819481182
23	19.999675132994938	9.516587869706674	38.4053562146657	32.07838078263269
24	33.68460403296328	10.255853191175445	15.426471097069136	40.63307167879214
25	46.252860200903754	14.2207492361733	18.32756252609403	21.198828036828914
26	37.49493803810856	14.010293253608474	17.364534509266296	31.13023419901667
27	31.094408822955316	17.217088762987586	23.2598034159299	28.4286989981272
28	29.021398133618625	16.48868459553897	27.473112119176303	27.0168051516661
29	29.46973450528705	18.279450602038104	30.903091401080847	21.347723491594003
30	33.54533634749578	18.125008578149213	26.232805340859795	22.096849733495215
31	38.59027182936709	19.18233703857245	23.994004002024237	18.233387130036228
32	33.935823735412725	26.499502800145493	21.935299365083523	17.629374099358262
33	24.277270521326596	32.94091235731005	24.87095315180681	17.91086396955654
34	18.826140049365467	28.684097814466895	34.81759259213832	17.672169544029316
35	16.679895183378786	19.0255708723561	44.1645654670183	20.129968477246816
36	17.744171996305848	12.382062603631873	41.87983005481788	27.993935345244402
37	19.35372068281709	10.411837070478038	38.53598805603305	31.69845419067182
38	25.489916886559964	8.99480570453544	33.09043244504182	32.42484496386277
39	41.449157941461536	7.594727398818822	24.867724867724867	26.088389791994775
40	53.22395248056997	7.651770711912905	19.13290052981121	19.991376277705914
41	55.914939620985535	5.754644250614809	20.686675237842422	17.643740890557233
42	42.2264380512647	8.033337584265746	30.331931039345267	19.408293325124284
43	36.95670851401151	11.237716934208422	24.43340415982	27.372170391960072
>>END_MODULE
>>Per sequence GC content	fail
#GC Content	Count
0	5.0
1	5.0
2	5.5
3	8.0
4	11.0
5	12.5
6	14.0
7	17.5
8	28.5
9	48.5
10	79.5
11	121.5
12	172.0
13	261.5
14	369.0
15	518.5
16	745.0
17	1093.5
18	1621.5
19	2257.5
20	3291.0
21	4804.5
22	6672.5
23	8968.5
24	12315.5
25	16620.5
26	21326.0
27	27209.0
28	34391.5
29	42441.5
30	51721.0
31	64754.5
32	76610.0
33	88741.5
34	112995.0
35	143430.0
36	173211.5
37	203409.0
38	255487.0
39	323100.0
40	403026.0
41	510614.5
42	606777.5
43	763137.0
44	930695.0
45	1170730.0
46	1393387.5
47	1517426.5
48	1775575.5
49	1952013.5
50	2015017.5
51	2073555.5
52	1956897.0
53	1804411.0
54	1747262.0
55	1544970.5
56	1319641.0
57	1146152.0
58	971795.0
59	856399.5
60	725093.5
61	630488.0
62	571853.0
63	511524.0
64	461057.0
65	430117.5
66	407183.5
67	391109.0
68	390547.0
69	385867.0
70	375508.5
71	366178.0
72	351557.0
73	329855.0
74	303352.5
75	278351.0
76	251660.0
77	228625.0
78	211917.0
79	192969.5
80	177086.5
81	165029.5
82	153212.5
83	140389.5
84	128388.0
85	115954.0
86	102689.0
87	93060.5
88	81018.5
89	67767.0
90	57621.5
91	47630.0
92	38787.5
93	31808.0
94	26785.5
95	22532.0
96	17226.0
97	10983.0
98	5729.0
99	3884.5
100	3877.0
>>END_MODULE
>>Per base N content	pass
#Base	N-Count
1	1.519891898135772E-4
2	1.4304864923630797E-4
3	2.3245405500900044E-4
4	0.0
5	0.0
6	0.0
7	7.152432461815399E-5
8	5.364324346361549E-5
9	9.476973011905402E-4
10	7.510054084906168E-4
11	0.0
12	1.434548629136364E-4
13	9.25697414140666E-4
14	0.002109994176776755
15	0.002455516639794918
16	5.4658129795567656E-5
17	0.0034301570048896244
18	0.0034341647930721327
19	0.0
20	0.0
21	0.0
22	9.50271508244487E-4
23	7.62027908670554E-4
24	4.106891291716904E-4
25	9.483858893667818E-4
26	0.0
27	1.24687021407288E-4
28	2.4122746181670814E-4
29	0.0
30	0.0
31	0.0
32	0.0
33	0.0
34	0.0
35	0.0
36	0.0
37	0.0
38	0.019822652883472416
39	0.022347888952846305
40	0.006175174255698529
41	9.246612946413951E-4
42	0.0013869919419620927
43	0.0
>>END_MODULE
>>Sequence Length Distribution	warn
#Length	Count
10	12636.0
11	19036.0
12	26588.0
13	36668.0
14	53704.0
15	59050.0
16	74033.0
17	100082.0
18	126089.0
19	132624.0
20	151260.0
21	185627.0
22	234221.0
23	233661.0
24	249919.0
25	288830.0
26	378889.0
27	531159.0
28	845471.0
29	960960.0
30	801375.0
31	640886.0
32	498733.0
33	466971.0
34	398873.0
35	296100.0
36	230849.0
37	179364.0
38	134391.0
39	116386.0
40	125026.0
41	0.0
42	0.0
43	2595545.0
>>END_MODULE
>>Sequence Duplication Levels	pass
#Total Deduplicated Percentage	91.19147705205354
#Duplication Level	Percentage of deduplicated	Percentage of total
1	95.43067030490874	87.02463781172173
2	3.2691972814083328	5.962458577323676
3	0.6309879785995479	1.72622177311747
4	0.19217713875330597	0.7009966855420564
5	0.11264136366090442	0.5135966164697693
6	0.09164379680191925	0.5014279915815167
7	0.053060369317831355	0.3387057415714353
8	0.030973993292632875	0.22596513588444728
9	0.02602142987011178	0.2135639362375727
>10	0.15608700967586442	2.342223943417684
>50	0.005732651063209105	0.3541176529240314
>100	8.066826476146198E-4	0.09608413420859839
>500	0.0	0.0
>1k	0.0	0.0
>5k	0.0	0.0
>10k+	0.0	0.0
>>END_MODULE
>>Overrepresented sequences	pass
>>END_MODULE
>>Adapter Content	pass
#Position	Illumina Universal Adapter	Illumina Small RNA Adapter	Nextera Transposase Sequence
1	0.0	0.0	0.0
2	0.0	0.0	0.0
3	0.0	0.0	8.940540577269248E-6
4	1.7881081154538497E-5	0.0	8.940540577269248E-6
5	1.7881081154538497E-5	2.6821621731807743E-5	8.940540577269248E-6
6	1.7881081154538497E-5	3.5762162309076994E-5	8.940540577269248E-6
7	1.7881081154538497E-5	5.364324346361549E-5	8.940540577269248E-6
8	1.7881081154538497E-5	8.940540577269248E-5	8.940540577269248E-6
9	2.6821621731807743E-5	1.698702709681157E-4	8.940540577269248E-6
10	2.6821621731807743E-5	2.950378390498852E-4	8.940540577269248E-6
11	2.6821621731807743E-5	4.5596756944073165E-4	8.940540577269248E-6
12	2.6821621731807743E-5	6.079567592543088E-4	8.940540577269248E-6
13	2.6821621731807743E-5	9.476973011905402E-4	8.940540577269248E-6
14	2.6821621731807743E-5	0.0014662486546721566	8.940540577269248E-6
15	3.5762162309076994E-5	0.001770227034299311	6.258378404088474E-5
16	4.470270288634624E-5	0.0021814919008536966	9.834594634996173E-5
17	4.470270288634624E-5	0.0027089837949125822	1.1622702750450022E-4
18	4.470270288634624E-5	0.0034689297439804683	1.4304864923630797E-4
19	5.364324346361549E-5	0.004103708124966585	1.519891898135772E-4
20	5.364324346361549E-5	0.004944118939229894	1.519891898135772E-4
21	5.364324346361549E-5	0.006070627051965819	1.519891898135772E-4
22	6.258378404088474E-5	0.007751448680492438	1.519891898135772E-4
23	8.046486519542323E-5	0.01034420544790052	1.519891898135772E-4
24	8.940540577269248E-5	0.024935167670003932	1.519891898135772E-4
25	8.940540577269248E-5	0.08542686521580767	1.519891898135772E-4
26	9.834594634996173E-5	0.16836826015113449	1.519891898135772E-4
27	1.1622702750450022E-4	0.3168885202207312	1.519891898135772E-4
28	1.3410810865903871E-4	0.7180237543010706	1.519891898135772E-4
29	1.3410810865903871E-4	1.0871071504118996	1.519891898135772E-4
30	1.519891898135772E-4	1.2259805671986228	1.519891898135772E-4
31	1.519891898135772E-4	1.2326144483069565	1.519891898135772E-4
>>END_MODULE
>>Kmer Content	fail
#Sequence	Count	PValue	Obs/Exp Max	Max Obs/Exp Position
TTAAGCG	1370	0.0	86.62372	32
GTGCCAA	5740	0.0	85.253334	37
TAAGCGT	555	0.0	80.09283	33
TTTAAGC	2845	0.0	79.022095	31
ATTTAAG	3975	0.0	74.32618	30
TAAGCGC	390	0.0	72.05522	33
AATTTAA	4220	0.0	68.67782	29
TAAGCGG	455	0.0	68.499245	33
GGTGCAA	1445	0.0	58.761772	37
TTAAGCC	640	0.0	58.757305	32
GGTGCCA	12070	0.0	57.85247	37
GAATTTA	5210	0.0	57.628075	28
TAAGCGA	365	0.0	55.9931	33
TTAAGCA	795	0.0	53.444527	32
CGGTGCC	11685	0.0	53.209057	37
AAGCGTA	295	0.0	52.38232	34
TGGGTGC	7755	0.0	51.504288	37
TGCCACG	1960	0.0	50.638115	28
GGGCCAA	1840	0.0	49.183147	37
GGGTGCC	13175	0.0	48.802696	37
>>END_MODULE
