##FastQC	0.11.2
>>Basic Statistics	pass
#Measure	Value
Filename	SRR13129037.fastq.gz.fasta.fastq
File type	Conventional base calls
Encoding	Sanger / Illumina 1.9
Total Sequences	7867867
Sequences flagged as poor quality	0
Sequence length	10-43
%GC	52
>>END_MODULE
>>Per base sequence quality	fail
#Base	Mean	Median	Lower Quartile	Upper Quartile	10th Percentile	90th Percentile
1	34.44837209371212	38.0	35.0	38.0	26.0	38.0
2	35.42294372788847	38.0	36.0	38.0	29.0	38.0
3	35.61556048177698	38.0	36.0	38.0	29.0	38.0
4	36.139383012003954	38.0	37.0	38.0	32.0	38.0
5	36.32992728502618	38.0	37.0	38.0	33.0	38.0
6	36.086673427555375	38.0	37.0	38.0	33.0	38.0
7	36.290616757925775	38.0	38.0	38.0	33.0	38.0
8	35.497368854792036	38.0	36.0	38.0	29.0	38.0
9	35.56359607990924	38.0	36.0	38.0	29.0	38.0
10	35.984003415466965	38.0	37.0	38.0	31.0	38.0
11	36.059218082991016	38.0	37.0	38.0	33.0	38.0
12	35.919604512698676	38.0	37.0	38.0	32.0	38.0
13	35.652578011392485	38.0	37.0	38.0	31.0	38.0
14	35.55028103568138	38.0	37.0	38.0	32.0	38.0
15	34.63847050280539	38.0	37.0	38.0	27.0	38.0
16	33.81096553906529	38.0	35.0	38.0	16.0	38.0
17	33.80421275553082	38.0	36.0	38.0	25.0	38.0
18	33.13235721906924	38.0	35.0	38.0	16.0	38.0
19	32.42589865779937	38.0	34.0	38.0	16.0	38.0
20	31.77416013693124	38.0	34.0	38.0	0.0	38.0
21	31.276717184432314	38.0	34.0	38.0	0.0	38.0
22	30.027763560219082	38.0	29.0	38.0	0.0	38.0
23	29.49739249475898	38.0	29.0	38.0	0.0	38.0
24	28.416884651842963	38.0	25.0	38.0	0.0	38.0
25	27.82744052538742	38.0	16.0	38.0	0.0	38.0
26	26.766570025030397	37.0	14.0	38.0	0.0	38.0
27	25.42937062998353	37.0	0.0	38.0	0.0	38.0
28	23.484391768706402	36.0	0.0	38.0	0.0	38.0
29	20.334169476673253	31.0	0.0	38.0	0.0	38.0
30	17.090043464904923	0.0	0.0	38.0	0.0	38.0
31	14.496809237012178	0.0	0.0	38.0	0.0	38.0
32	12.605142662918901	0.0	0.0	37.0	0.0	38.0
33	11.310464195493543	0.0	0.0	35.0	0.0	38.0
34	10.227096493040658	0.0	0.0	29.0	0.0	38.0
35	9.417868780747305	0.0	0.0	16.0	0.0	38.0
36	8.87863813748258	0.0	0.0	15.0	0.0	38.0
37	8.51667497568395	0.0	0.0	0.0	0.0	38.0
38	8.189302768395331	0.0	0.0	0.0	0.0	38.0
39	7.980123837585426	0.0	0.0	0.0	0.0	38.0
40	7.811654797344632	0.0	0.0	0.0	0.0	38.0
41	7.743800702677398	0.0	0.0	0.0	0.0	38.0
42	7.683312390144838	0.0	0.0	0.0	0.0	38.0
43	7.2742245140381705	0.0	0.0	0.0	0.0	37.0
>>END_MODULE
>>Per sequence quality scores	pass
#Quality	Count
13	7.0
14	1579.0
15	16055.0
16	15407.0
17	9453.0
18	8072.0
19	8059.0
20	8856.0
21	10286.0
22	12086.0
23	14958.0
24	20656.0
25	29530.0
26	42678.0
27	61573.0
28	86937.0
29	121832.0
30	168529.0
31	224790.0
32	299545.0
33	404581.0
34	565500.0
35	851854.0
36	1400980.0
37	3060542.0
38	423522.0
>>END_MODULE
>>Per base sequence content	fail
#Base	G	A	T	C
1	17.977953087364682	11.427428986716718	54.00334449308255	16.591273432836047
2	55.458643604378935	8.567929340816272	19.01771919451459	16.955707860290204
3	57.955924630403686	10.932401913053404	17.870417055962367	13.24125640058054
4	23.39818403132641	8.678946911532694	58.05808613694157	9.864782920199337
5	63.22166645949486	14.410502161577229	11.217628769986678	11.15020260894123
6	61.65115653327643	9.039578325358068	17.994012862698366	11.31525227866714
7	15.778653520193028	8.687211675239938	57.59475506948264	17.939379735084387
8	17.404834351399238	12.432160714603462	43.61258334540777	26.55042158858953
9	13.99835862650822	16.109685539835084	30.999830829478274	38.892125004178425
10	21.541930198146524	55.40578361410171	11.185368642420881	11.866917545330889
11	62.48878250012601	9.499373810543078	17.35896701388335	10.652876675447567
12	23.21249721646702	8.525345799456325	55.035116128482755	13.2270408555939
13	66.99183819506754	9.15014113462659	12.556236606219995	11.301784064085876
14	61.411865261515786	8.905806309849151	19.020018427440068	10.662310001194998
15	15.300095120255794	12.506476041511474	62.097732934305114	10.09569590392762
16	17.630980390538237	41.100675058440665	30.955585625613047	10.312758925408046
17	44.557112603000164	33.93621992345334	11.36014465612161	10.146522817424884
18	34.363757547844266	40.495473344670714	14.653730422372963	10.48703868511206
19	24.91530515840787	43.714920568683574	15.173577242963013	16.196197029945544
20	13.244643043677701	27.59137652658495	48.65311096325296	10.510869466484392
21	10.969166765244715	8.273519262391984	60.918265742576494	19.83904822978681
22	14.605916811307178	11.094187994068985	28.778260497624643	45.52163469699919
23	18.019642675932527	7.569402246938243	44.56526855545761	29.84568652167162
24	32.01733226727757	8.616411984098509	15.968814880192205	43.39744086843172
25	48.276257648065126	12.759940236490708	17.991143062181497	20.972659053262664
26	39.68670059660809	13.05737600208958	17.309406787812414	29.946516613489916
27	31.701398738119295	16.611559947090498	23.951845512432552	27.73519580235766
28	27.96260577525927	16.742817056698524	29.132691840698214	26.16188532734399
29	28.00952485924969	17.83158852782649	33.55677320293036	20.602113409993464
30	34.62261306389352	17.11850569172762	27.97415356503311	20.284727679345746
31	41.515551134323594	19.698418697784494	23.30490546261105	15.48112470528086
32	34.40950665101476	31.54393101442361	19.809394074455376	14.237168260106255
33	20.96964129828818	40.65029617962689	24.286110834042756	14.093951688042166
34	13.359167917265683	32.25701546622658	40.19279612344851	14.191020493059229
35	11.15500117744433	17.560344600249554	52.59090957458867	18.69374464771745
36	12.49343414323624	9.025831886729453	47.6447368677983	30.835997102236
37	15.230856214036463	6.982352770544287	42.81278832535798	34.974002690061276
38	23.2520624631703	6.10257597440862	33.61004714201532	37.035314420405754
39	44.402132520944406	5.991314581262559	22.046968386538783	27.559584511254254
40	58.94815781357761	7.101698638361323	15.291360658135403	18.65878288992567
41	60.632559897650616	5.873011612718521	19.16657720042228	14.327851289208581
42	45.23800603787005	8.30495101989008	29.31565400846241	17.14138893377746
43	36.94755694624851	11.46333839745873	23.801929884695625	27.787174771597133
>>END_MODULE
>>Per sequence GC content	fail
#GC Content	Count
0	3.0
1	4.5
2	6.5
3	9.0
4	13.0
5	16.5
6	18.5
7	22.5
8	31.0
9	43.0
10	63.0
11	95.0
12	133.0
13	208.0
14	304.5
15	472.0
16	711.0
17	990.5
18	1460.5
19	2092.0
20	2959.0
21	4200.0
22	5589.0
23	7368.5
24	9990.0
25	13638.0
26	17871.5
27	22234.0
28	27897.0
29	34386.5
30	42050.5
31	53351.0
32	63628.0
33	73971.0
34	94978.5
35	121364.5
36	144783.5
37	168501.0
38	213227.5
39	274348.0
40	344177.5
41	435496.0
42	519124.5
43	657482.5
44	800499.0
45	1004777.0
46	1194431.0
47	1291317.0
48	1481205.5
49	1603423.0
50	1613686.0
51	1620971.0
52	1491516.0
53	1320248.0
54	1253704.0
55	1080356.5
56	892708.0
57	763082.0
58	636170.5
59	557649.0
60	473733.5
61	410254.5
62	373727.5
63	338716.0
64	309275.0
65	293167.0
66	279249.5
67	266926.5
68	261639.0
69	253385.0
70	243800.5
71	235286.0
72	225695.5
73	213525.5
74	199913.5
75	184866.0
76	170794.5
77	159299.5
78	148777.0
79	137396.0
80	128064.0
81	120209.5
82	110659.0
83	101471.5
84	93934.5
85	85395.0
86	74727.0
87	68005.5
88	59011.5
89	48167.0
90	41557.0
91	35532.0
92	30269.5
93	26117.0
94	23129.0
95	18994.0
96	13117.0
97	8072.5
98	4629.0
99	3477.5
100	3478.0
>>END_MODULE
>>Per base N content	pass
#Base	N-Count
1	1.016794005287583E-4
2	1.906488759914218E-4
3	3.3045805171846447E-4
4	0.0
5	1.2709925066094787E-5
6	0.0
7	3.812977519828436E-5
8	8.896947546266351E-5
9	8.38855054362256E-4
10	6.736260285030237E-4
11	0.0
12	1.4110055094634217E-4
13	8.65096580931722E-4
14	0.0017312850365554977
15	0.002950603602607965
16	6.657245333071304E-5
17	0.0032211258414348914
18	0.0032134910833827098
19	0.0
20	0.0
21	0.0
22	8.450779399075454E-4
23	8.405468811966452E-4
24	2.6740457746301637E-4
25	6.805255147648922E-4
26	0.0
27	1.0577658258074764E-4
28	2.2819393061193058E-4
29	2.1825978851499532E-5
30	0.0
31	0.0
32	0.0
33	0.0
34	0.0
35	0.0
36	0.0
37	0.0
38	0.021777392962009496
39	0.021187329331760235
40	0.006080086238628595
41	7.269079516460831E-4
42	0.0010064879330484227
43	0.0
>>END_MODULE
>>Sequence Length Distribution	warn
#Length	Count
10	30782.0
11	41226.0
12	51059.0
13	62645.0
14	90488.0
15	81053.0
16	90848.0
17	106847.0
18	133320.0
19	133807.0
20	139251.0
21	161601.0
22	201581.0
23	185951.0
24	185707.0
25	214524.0
26	284844.0
27	413648.0
28	676989.0
29	724607.0
30	578968.0
31	410739.0
32	280776.0
33	240397.0
34	184748.0
35	112985.0
36	83465.0
37	63957.0
38	41452.0
39	33970.0
40	37235.0
41	0.0
42	0.0
43	1788397.0
>>END_MODULE
>>Sequence Duplication Levels	pass
#Total Deduplicated Percentage	90.18464641110945
#Duplication Level	Percentage of deduplicated	Percentage of total
1	94.84924662500305	85.53945769236017
2	3.51399071670754	6.338160205563812
3	0.6937587030883753	1.8769914999796502
4	0.3229067013771602	1.1648490674990764
5	0.19462456938203918	0.8776073986316822
6	0.10668211214968938	0.5772653137566036
7	0.0895395196678879	0.5652562944748336
8	0.0435677806710054	0.3143315915785113
9	0.032561709535260726	0.2642909634880866
>10	0.148526742703322	2.200994565676521
>50	0.004347576159608404	0.2527067240664582
>100	2.4724355503924554E-4	0.02808868292461024
>500	0.0	0.0
>1k	0.0	0.0
>5k	0.0	0.0
>10k+	0.0	0.0
>>END_MODULE
>>Overrepresented sequences	pass
>>END_MODULE
>>Adapter Content	pass
#Position	Illumina Universal Adapter	Illumina Small RNA Adapter	Nextera Transposase Sequence
1	0.0	1.2709925066094787E-5	0.0
2	0.0	1.2709925066094787E-5	0.0
3	0.0	2.5419850132189575E-5	0.0
4	0.0	3.812977519828436E-5	0.0
5	0.0	7.625955039656872E-5	0.0
6	1.2709925066094787E-5	1.2709925066094787E-4	0.0
7	2.5419850132189575E-5	2.033588010575166E-4	0.0
8	2.5419850132189575E-5	3.050382015862749E-4	0.0
9	2.5419850132189575E-5	5.465267778420759E-4	1.2709925066094787E-5
10	2.5419850132189575E-5	9.405344548910143E-4	1.2709925066094787E-5
11	2.5419850132189575E-5	0.0014489314575348057	1.2709925066094787E-5
12	2.5419850132189575E-5	0.0020081681604429765	1.2709925066094787E-5
13	2.5419850132189575E-5	0.0026182445636155263	1.2709925066094787E-5
14	2.5419850132189575E-5	0.0036985881942335833	3.812977519828436E-5
15	2.5419850132189575E-5	0.004473893623265365	3.812977519828436E-5
16	2.5419850132189575E-5	0.00538900822802419	7.625955039656872E-5
17	3.812977519828436E-5	0.006405802233311773	1.2709925066094787E-4
18	3.812977519828436E-5	0.007587825264458588	1.2709925066094787E-4
19	3.812977519828436E-5	0.008528359719349603	1.2709925066094787E-4
20	5.083970026437915E-5	0.00960870334996766	1.2709925066094787E-4
21	5.083970026437915E-5	0.011197443983229508	1.3980917572704266E-4
22	5.083970026437915E-5	0.013370841169531716	1.3980917572704266E-4
23	5.083970026437915E-5	0.01773034546720223	1.3980917572704266E-4
24	5.083970026437915E-5	0.038117065273218266	1.3980917572704266E-4
25	6.354962533047394E-5	0.10340795033774719	1.3980917572704266E-4
26	7.625955039656872E-5	0.18906013535815996	1.3980917572704266E-4
27	8.896947546266351E-5	0.373837025969046	1.3980917572704266E-4
28	8.896947546266351E-5	0.8865681130603759	1.3980917572704266E-4
29	8.896947546266351E-5	1.3605339287001166	1.3980917572704266E-4
30	1.016794005287583E-4	1.5337574974259225	1.3980917572704266E-4
31	1.016794005287583E-4	1.5443829947811776	1.3980917572704266E-4
>>END_MODULE
>>Kmer Content	fail
#Sequence	Count	PValue	Obs/Exp Max	Max Obs/Exp Position
TTTAAGC	1365	0.0	82.020004	31
TTAAGCG	595	0.0	79.405655	32
GTGCCAA	4265	0.0	78.019745	37
ATTTAAG	1835	0.0	76.52871	30
AATTTAA	1925	0.0	72.083595	29
TAAGCGT	275	0.0	67.95885	33
TTAAGCA	395	0.0	66.879295	32
TAAGCGA	125	0.0	66.448654	33
TTAAGCC	370	0.0	60.413837	32
TAAGCGG	185	0.0	58.928284	33
GAATTTA	2635	0.0	56.308113	28
GGTGCCA	8505	0.0	55.991848	37
TGCCACG	770	0.0	54.44448	28
TCAGGTG	3425	0.0	54.32465	37
TGGGTGC	3150	0.0	54.27341	37
CGGTGCC	8885	0.0	54.022045	37
TAAGCGC	200	0.0	51.913013	33
CTGAATT	4705	0.0	51.05301	26
CGGATGC	2135	0.0	50.77344	37
TCGAGTG	4565	0.0	50.445858	37
>>END_MODULE
