##FastQC	0.11.2
>>Basic Statistics	pass
#Measure	Value
Filename	SRR13129041.fastq.gz.fasta.fastq
File type	Conventional base calls
Encoding	Sanger / Illumina 1.9
Total Sequences	5001369
Sequences flagged as poor quality	0
Sequence length	10-43
%GC	50
>>END_MODULE
>>Per base sequence quality	fail
#Base	Mean	Median	Lower Quartile	Upper Quartile	10th Percentile	90th Percentile
1	34.25339022192585	38.0	34.0	38.0	16.0	38.0
2	35.097734640275085	38.0	36.0	38.0	28.0	38.0
3	35.1850849236274	38.0	36.0	38.0	28.0	38.0
4	35.73342958714568	38.0	37.0	38.0	29.0	38.0
5	36.01835217521471	38.0	37.0	38.0	31.0	38.0
6	35.535099689629284	38.0	37.0	38.0	29.0	38.0
7	35.94714207236279	38.0	37.0	38.0	31.0	38.0
8	35.38788399732431	38.0	36.0	38.0	29.0	38.0
9	34.97889997707495	38.0	36.0	38.0	28.0	38.0
10	35.373305988895524	38.0	36.0	38.0	29.0	38.0
11	35.51265643478374	38.0	37.0	38.0	29.0	38.0
12	35.733467976403844	38.0	37.0	38.0	30.0	38.0
13	35.40596624639832	38.0	37.0	38.0	29.0	38.0
14	35.422276780562854	38.0	37.0	38.0	29.0	38.0
15	34.57944194851876	38.0	37.0	38.0	26.0	38.0
16	33.35566981780012	38.0	34.0	38.0	16.0	38.0
17	33.61053943417327	38.0	35.0	38.0	16.0	38.0
18	32.84729681026396	38.0	34.0	38.0	16.0	38.0
19	32.185961083872925	38.0	34.0	38.0	16.0	38.0
20	31.569786591893234	38.0	33.0	38.0	14.0	38.0
21	31.037238404096957	38.0	32.0	38.0	0.0	38.0
22	29.353828321531996	38.0	27.0	38.0	0.0	38.0
23	28.543171479204627	38.0	25.0	38.0	0.0	38.0
24	27.160302509547186	37.0	16.0	38.0	0.0	38.0
25	26.578930689520302	37.0	14.0	38.0	0.0	38.0
26	25.55318333787524	36.0	0.0	38.0	0.0	38.0
27	24.464830729523985	36.0	0.0	38.0	0.0	38.0
28	22.66675944147027	34.0	0.0	38.0	0.0	38.0
29	19.50162245606775	25.0	0.0	38.0	0.0	38.0
30	16.469796570587167	0.0	0.0	38.0	0.0	38.0
31	14.553045375748168	0.0	0.0	37.0	0.0	38.0
32	13.295765819251564	0.0	0.0	36.0	0.0	38.0
33	12.403788442694035	0.0	0.0	36.0	0.0	38.0
34	11.714033496670526	0.0	0.0	34.0	0.0	38.0
35	11.21339477237393	0.0	0.0	33.0	0.0	38.0
36	10.668715705962601	0.0	0.0	28.0	0.0	38.0
37	10.339170334488728	0.0	0.0	27.0	0.0	38.0
38	9.9806966849556	0.0	0.0	25.0	0.0	38.0
39	9.7751123736334	0.0	0.0	23.0	0.0	38.0
40	9.743754160429368	0.0	0.0	24.0	0.0	38.0
41	9.722634742159743	0.0	0.0	25.0	0.0	38.0
42	9.627545578554399	0.0	0.0	23.0	0.0	38.0
43	8.944028924671542	0.0	0.0	15.0	0.0	38.0
>>END_MODULE
>>Per sequence quality scores	pass
#Quality	Count
13	4.0
14	1167.0
15	12597.0
16	12704.0
17	8473.0
18	6967.0
19	6814.0
20	7183.0
21	8195.0
22	10359.0
23	14640.0
24	21059.0
25	31960.0
26	46490.0
27	65975.0
28	92084.0
29	126680.0
30	167436.0
31	207974.0
32	249844.0
33	305320.0
34	389270.0
35	538839.0
36	809470.0
37	1626906.0
38	232959.0
>>END_MODULE
>>Per base sequence content	fail
#Base	G	A	T	C
1	16.143445754065745	12.32248581935997	57.706952167619974	13.827116258954314
2	56.742542210620016	10.289246019273204	19.15129681037992	13.816914959726859
3	58.72522291503586	10.325742375301045	16.45751292902209	14.491521780641007
4	20.170457328783378	10.720184813398092	58.25610947722514	10.853248380593392
5	61.48530221543474	12.964897989869167	13.291068879981987	12.2587309147141
6	60.02548502220092	11.598884225499058	16.022493041405266	12.353137710894757
7	16.684478463588054	10.344171903401609	57.04866289556435	15.922686737445982
8	13.522928240590318	13.141492372582286	49.75563671117785	23.579942675649548
9	13.068889136825318	14.435458748376917	26.239612163441294	46.25603995135647
10	17.88225339090751	55.557577245668945	13.273146507839137	13.28702285558441
11	60.808701792340855	12.008293144634246	15.415794033543165	11.767211029481729
12	18.641511208691202	11.941057748003523	57.17266597983646	12.244765063468819
13	61.42445835712769	12.152545275229617	13.820586427406568	12.60240994023613
14	59.746928825867364	10.519831323841062	17.754227172738524	11.97901267755305
15	15.092181317851052	12.575577373199934	61.088186708415094	11.244054600533916
16	15.478610587952618	45.64273525466621	28.247090577685352	10.631563579695817
17	50.263230474025065	26.275728140645207	12.620473873713278	10.840567511616447
18	29.91342699893707	46.483058524321805	13.143522453518413	10.459992023222707
19	23.691354654596193	48.943793781111026	13.80660345039473	13.558248113898044
20	14.375690686104804	21.955096592992003	52.90189010283659	10.767322618066597
21	11.399105902718771	10.050664002048313	63.79116733395417	14.759062761278747
22	11.899236678976138	11.494258236688541	26.569469352027493	50.03703573230782
23	15.162070931290437	9.001413471712995	49.04715119071326	26.789364406283312
24	30.424498904095664	9.733916096380923	12.96421074029229	46.87737425923112
25	52.44419119598065	13.966426663306256	17.13831149195784	16.451070648755252
26	38.079936687652264	13.277706963819513	18.58973253873248	30.05262380979574
27	34.03434226513517	16.118567137481556	26.20548184626917	23.641608751114102
28	29.897809075975424	16.170317202916813	29.199501918997093	24.73237180211067
29	28.534064635497792	18.17535301811242	32.84909645948596	20.44148588690383
30	36.18843744272218	17.361144278667894	27.879280706932285	18.571137571677642
31	41.826720383335534	20.468716990218265	24.611539735358996	13.093022891087209
32	30.857226872497595	34.293239824912575	21.372638851323718	13.47689445126611
33	18.72679800362099	40.69379005786061	28.18026507357484	12.399146864943562
34	12.769597100376306	29.046596553063246	43.94168731391924	14.242119032641206
35	12.211952422944982	16.250765408048192	52.51621246545321	19.02106970355362
36	14.511950590333312	9.528692845168825	46.49714382449448	29.462212740003384
37	18.274693853156464	7.619934382500322	43.06483424189139	31.040537522451817
38	26.258902463668647	6.58557954223372	33.510258130287326	33.6452598638103
39	46.530314673085286	7.249036845617722	22.564815647231214	23.655832834065773
40	57.88099711987817	8.25031433730906	16.0982636066953	17.770424936117475
41	57.37199087852621	7.1531950978873295	19.87039407702155	15.604419946564906
42	42.57113308753681	9.979153048424996	30.97403100406475	16.475682859973446
43	36.87619759461847	13.562071074267854	24.90439627641503	24.65733505469865
>>END_MODULE
>>Per sequence GC content	fail
#GC Content	Count
0	3.0
1	4.0
2	6.0
3	14.5
4	22.5
5	23.5
6	27.5
7	32.5
8	46.5
9	71.0
10	104.5
11	140.0
12	170.5
13	238.0
14	327.0
15	455.5
16	645.5
17	922.0
18	1298.0
19	1715.5
20	2417.5
21	3462.5
22	4717.0
23	6241.0
24	8623.5
25	11838.0
26	15185.5
27	19072.5
28	23876.5
29	28823.0
30	35428.5
31	45231.0
32	52869.0
33	60004.5
34	77076.5
35	96095.5
36	112661.0
37	130336.5
38	160423.5
39	202637.5
40	245421.0
41	306819.0
42	361228.0
43	453818.0
44	547601.5
45	672629.5
46	792866.0
47	840482.0
48	942693.0
49	1010519.0
50	1002711.5
51	994622.0
52	908869.5
53	809178.5
54	782002.5
55	680264.0
56	577835.5
57	504000.5
58	424895.5
59	375198.5
60	317270.5
61	275422.0
62	247837.0
63	218233.0
64	190963.5
65	173899.5
66	157972.0
67	143733.5
68	136316.0
69	127233.5
70	118317.5
71	111535.5
72	105255.0
73	98127.0
74	90452.0
75	82603.5
76	75532.5
77	70114.0
78	64765.5
79	58395.5
80	53578.5
81	49197.0
82	43519.5
83	38838.5
84	35594.5
85	32125.5
86	27526.0
87	24708.5
88	21189.0
89	16601.5
90	14055.0
91	12055.0
92	10493.0
93	9543.5
94	8948.5
95	7544.5
96	4805.0
97	2508.5
98	1533.0
99	1333.5
100	1334.0
>>END_MODULE
>>Per base N content	pass
#Base	N-Count
1	1.5995620399134717E-4
2	4.198850354772863E-4
3	4.798686119740415E-4
4	0.0
5	5.9983576496755185E-5
6	0.0
7	3.998905099783679E-5
8	7.997810199567358E-5
9	0.0017395237184059005
10	0.0010597098514426749
11	0.0
12	2.0098385617273678E-4
13	0.001251964271362852
14	0.0029280373812772343
15	0.003782708867718054
16	4.1534233034044575E-5
17	0.004246150612223449
18	0.005206614021539591
19	0.0
20	0.0
21	0.0
22	0.0013297692407110953
23	8.053209753169121E-4
24	5.562293515655202E-4
25	0.0012523118851442154
26	0.0
27	1.6832490072337628E-4
28	3.6136338792630714E-4
29	3.4674196052758873E-5
30	0.0
31	0.0
32	0.0
33	0.0
34	0.0
35	0.0
36	0.0
37	0.0
38	0.025883157874353725
39	0.02073198334880578
40	0.00565741867294263
41	5.435890466807093E-4
42	0.001494869878371951
43	0.0
>>END_MODULE
>>Sequence Length Distribution	warn
#Length	Count
10	9294.0
11	16551.0
12	23306.0
13	34248.0
14	53731.0
15	48934.0
16	58055.0
17	70903.0
18	88902.0
19	85627.0
20	98428.0
21	126932.0
22	188713.0
23	142542.0
24	122292.0
25	120523.0
26	147853.0
27	243778.0
28	436768.0
29	434306.0
30	281765.0
31	175085.0
32	131463.0
33	100038.0
34	69424.0
35	55629.0
36	46764.0
37	40245.0
38	25055.0
39	21763.0
40	30752.0
41	0.0
42	0.0
43	1471700.0
>>END_MODULE
>>Sequence Duplication Levels	pass
#Total Deduplicated Percentage	90.1220396301077
#Duplication Level	Percentage of deduplicated	Percentage of total
1	94.06986119351312	84.77767758480518
2	4.336029272189964	7.815436038112218
3	0.731771061429128	1.978461017948455
4	0.32001046090557683	1.153599817591257
5	0.19227025045665383	0.8663893565672645
6	0.08836122821179307	0.4777976466400922
7	0.06985468196339342	0.44068124913774576
8	0.04546788153671215	0.3278126577398891
9	0.021792269154520344	0.176756736993629
>10	0.1222714502077029	1.8332808823383075
>50	0.0020091282918921743	0.1233498254857885
>100	3.011221394732431E-4	0.028757186640194724
>500	0.0	0.0
>1k	0.0	0.0
>5k	0.0	0.0
>10k+	0.0	0.0
>>END_MODULE
>>Overrepresented sequences	pass
>>END_MODULE
>>Adapter Content	pass
#Position	Illumina Universal Adapter	Illumina Small RNA Adapter	Nextera Transposase Sequence
1	0.0	0.0	0.0
2	0.0	0.0	0.0
3	0.0	0.0	0.0
4	0.0	0.0	0.0
5	1.9994525498918396E-5	0.0	0.0
6	1.9994525498918396E-5	3.998905099783679E-5	0.0
7	1.9994525498918396E-5	3.998905099783679E-5	0.0
8	1.9994525498918396E-5	7.997810199567358E-5	0.0
9	5.998357649675519E-5	9.997262749459198E-5	1.9994525498918396E-5
10	5.998357649675519E-5	2.7992335698485754E-4	1.9994525498918396E-5
11	5.998357649675519E-5	3.9989050997836793E-4	1.9994525498918396E-5
12	5.998357649675519E-5	6.998083924621438E-4	1.9994525498918396E-5
13	5.998357649675519E-5	9.397426984491646E-4	1.9994525498918396E-5
14	9.997262749459198E-5	0.0019394689733950843	1.9994525498918396E-5
15	9.997262749459198E-5	0.002519310212863718	1.9994525498918396E-5
16	9.997262749459198E-5	0.003079156926833433	1.9994525498918396E-5
17	9.997262749459198E-5	0.004018899625282598	9.997262749459198E-5
18	9.997262749459198E-5	0.0052185711552177015	9.997262749459198E-5
19	9.997262749459198E-5	0.006338264583157132	9.997262749459198E-5
20	9.997262749459198E-5	0.007837853995576011	9.997262749459198E-5
21	9.997262749459198E-5	0.010257191580945138	9.997262749459198E-5
22	1.1996715299351038E-4	0.014655987190707185	9.997262749459198E-5
23	1.5995620399134717E-4	0.020794306518875132	9.997262749459198E-5
24	1.5995620399134717E-4	0.06558204363645234	9.997262749459198E-5
25	1.7995072949026557E-4	0.1293445854525031	9.997262749459198E-5
26	1.7995072949026557E-4	0.19918546302022505	9.997262749459198E-5
27	1.7995072949026557E-4	0.3172531360913382	9.997262749459198E-5
28	1.9994525498918397E-4	0.6930102537925116	9.997262749459198E-5
29	1.9994525498918397E-4	0.9410223480810954	9.997262749459198E-5
30	1.9994525498918397E-4	1.0099234829503683	9.997262749459198E-5
31	2.1993978048810237E-4	1.0194208825623545	9.997262749459198E-5
>>END_MODULE
>>Kmer Content	fail
#Sequence	Count	PValue	Obs/Exp Max	Max Obs/Exp Position
TTAAGCG	610	0.0	72.069115	32
TAAGCGC	170	0.0	68.245056	33
TTTAAGC	1240	0.0	67.23255	31
ATTTAAG	1825	0.0	65.82806	30
TAAGCGT	280	0.0	63.631557	33
TAAGCGG	150	0.0	63.5329	33
AATTTAA	1990	0.0	62.597206	29
GTGCCAA	4990	0.0	60.08466	37
GAATTTA	2535	0.0	55.995197	28
ATGCCAA	500	0.0	55.760975	37
GTACCAA	395	0.0	54.295006	37
TTAAGCC	255	0.0	52.677975	32
TTAAGCA	330	0.0	51.80726	32
CTGAATT	4730	0.0	49.54284	26
GCTGAAT	4955	0.0	47.817398	25
CGCCTTG	1475	0.0	45.071285	24
TAAGCGA	130	0.0	44.62177	33
CGCTGAA	5110	0.0	44.475407	24
TTTAAGG	465	0.0	44.394825	31
CGCCTAT	860	0.0	44.344063	24
>>END_MODULE
