##FastQC	0.11.2
>>Basic Statistics	pass
#Measure	Value
Filename	SRR13129043.fastq.gz.fasta.fastq
File type	Conventional base calls
Encoding	Sanger / Illumina 1.9
Total Sequences	4384159
Sequences flagged as poor quality	0
Sequence length	10-43
%GC	50
>>END_MODULE
>>Per base sequence quality	fail
#Base	Mean	Median	Lower Quartile	Upper Quartile	10th Percentile	90th Percentile
1	34.25929009421723	38.0	34.0	38.0	16.0	38.0
2	35.049462622205134	38.0	36.0	38.0	28.0	38.0
3	35.11154613707503	38.0	36.0	38.0	28.0	38.0
4	35.70289421519364	38.0	37.0	38.0	29.0	38.0
5	35.93178509261054	38.0	37.0	38.0	31.0	38.0
6	35.4857310146668	38.0	37.0	38.0	29.0	38.0
7	35.87810068020979	38.0	37.0	38.0	30.0	38.0
8	35.24056860172039	38.0	36.0	38.0	28.0	38.0
9	34.95059234857545	38.0	36.0	38.0	28.0	38.0
10	35.373236919448765	38.0	36.0	38.0	29.0	38.0
11	35.522876793442485	38.0	37.0	38.0	29.0	38.0
12	35.78649839118679	38.0	37.0	38.0	30.0	38.0
13	35.47976156889868	38.0	37.0	38.0	29.0	38.0
14	35.569521771385304	38.0	37.0	38.0	29.0	38.0
15	34.993119090803155	38.0	37.0	38.0	27.0	38.0
16	34.16364027846842	38.0	35.0	38.0	24.0	38.0
17	34.42354371705721	38.0	36.0	38.0	26.0	38.0
18	33.86999878428202	38.0	35.0	38.0	16.0	38.0
19	33.535923765265004	38.0	34.0	38.0	16.0	38.0
20	33.211430287708616	38.0	34.0	38.0	16.0	38.0
21	33.2027214344346	38.0	35.0	38.0	16.0	38.0
22	31.954796347295396	38.0	32.0	38.0	16.0	38.0
23	31.56854142374167	38.0	31.0	38.0	14.0	38.0
24	30.543632655266137	38.0	29.0	38.0	0.0	38.0
25	30.229126041933558	38.0	29.0	38.0	0.0	38.0
26	29.425451038115426	38.0	27.0	38.0	0.0	38.0
27	28.484647340286717	38.0	24.0	38.0	0.0	38.0
28	26.65595476839557	37.0	14.0	38.0	0.0	38.0
29	23.482714700357864	35.0	0.0	38.0	0.0	38.0
30	20.31444844996	28.0	0.0	38.0	0.0	38.0
31	17.9478814518969	15.0	0.0	38.0	0.0	38.0
32	16.329766553175478	0.0	0.0	38.0	0.0	38.0
33	15.303660975333614	0.0	0.0	38.0	0.0	38.0
34	14.542636112719823	0.0	0.0	37.0	0.0	38.0
35	13.910120048400493	0.0	0.0	37.0	0.0	38.0
36	13.42303324223295	0.0	0.0	37.0	0.0	38.0
37	13.076098289429924	0.0	0.0	36.0	0.0	38.0
38	12.681790965862495	0.0	0.0	36.0	0.0	38.0
39	12.451596075055168	0.0	0.0	35.0	0.0	38.0
40	12.284614221681888	0.0	0.0	35.0	0.0	38.0
41	12.20723449984238	0.0	0.0	35.0	0.0	38.0
42	12.089919868014272	0.0	0.0	35.0	0.0	38.0
43	11.341135666059975	0.0	0.0	29.0	0.0	38.0
>>END_MODULE
>>Per sequence quality scores	pass
#Quality	Count
13	3.0
14	1578.0
15	15468.0
16	14668.0
17	9181.0
18	7854.0
19	7403.0
20	7724.0
21	8727.0
22	10125.0
23	13186.0
24	18935.0
25	27275.0
26	39791.0
27	56077.0
28	77233.0
29	105442.0
30	139623.0
31	176725.0
32	215679.0
33	266335.0
34	343722.0
35	478495.0
36	733453.0
37	1431389.0
38	178068.0
>>END_MODULE
>>Per base sequence content	fail
#Base	G	A	T	C
1	15.129656802423092	11.410168126052229	60.906957812356374	12.553217259168308
2	59.99854475715692	9.741003269050223	17.745865331188636	12.51458664260422
3	60.37553071957979	9.767521216237977	16.534797458658957	13.32215060552327
4	18.195257060704233	10.026826125603565	61.71085492109205	10.067061892600154
5	63.990819671832014	12.848194076991312	12.442255147340754	10.718731103835925
6	62.53509510033738	10.515266439926107	15.438605214819992	11.51103324491653
7	14.403498779811033	9.44195201038649	59.91708326138868	16.237465948413803
8	12.368135874820062	11.96712341015471	49.120730959891226	26.544009755134002
9	11.970402966363814	14.018058031681846	30.014543503688795	43.99699549826555
10	16.730510867656147	59.62840804633095	12.367595703574956	11.27348538243794
11	63.56076544292125	10.657052910907318	15.435692210285984	10.346489435885442
12	17.750965513910245	10.38206445885552	60.499189748921744	11.36778027831249
13	64.52760382450819	10.822800877945634	12.622649105917686	12.026946191628483
14	62.39182449794498	9.987363977339001	16.806301703813105	10.81450982090292
15	14.034087672935414	11.805520504512748	63.920962200903986	10.239429621647854
16	13.94814445039409	44.42730594857971	31.835828193528393	9.78872140749781
17	47.082170606387415	31.166954194321345	12.041770323034049	9.709104876257193
18	34.06721289049371	43.77045812568664	12.385325198111516	9.77700378570814
19	26.92472165039261	47.13966802153583	13.070485872848773	12.865124455222782
20	13.915557124111514	26.410656381012103	49.6314569602006	10.042329534675785
21	10.790475402923573	9.696998773587703	64.9162425735998	14.59628324988892
22	11.667113036821258	12.323778566161229	29.891807212118763	46.11730118489874
23	15.779856572051475	9.26165762524003	45.776831205341686	29.1816545973668
24	34.65305419796915	10.02224113364713	13.376599622192767	41.94810504619096
25	50.864905619309674	14.795795838218881	17.716765319432476	16.622533223038964
26	36.469606788740386	13.548915300957878	19.38828157534853	30.593196334953205
27	33.68221217151081	16.519932899641272	25.985888183353218	23.811966745494693
28	30.17057772672404	15.692293875830826	29.44677946164459	24.690348935800543
29	29.570097189554666	16.894865784279116	33.01836963232971	20.516667393836507
30	36.99262161309641	16.11736389527628	27.58399734243974	19.30601714918757
31	42.15021841432577	20.51122387812894	23.858147818957264	13.480409888588024
32	33.61759797476747	33.630218006336385	20.38445890201958	12.367725116876562
33	21.168221416891193	40.06376456653785	26.7640184514076	12.003995565163365
34	13.04661377743686	30.882010029891312	42.86792006896209	13.203456123709731
35	11.173611817804268	18.071603220137135	51.499256024005255	19.25552893805334
36	12.829546938613277	9.83862633649986	48.31250390374362	29.019322821143245
37	17.087340385784504	7.318574440392138	43.273310364002306	32.32077480982105
38	26.796998678970862	6.203238367736871	32.7926722787574	34.20709067453487
39	46.9571714653905	6.007066496457677	23.215558392372056	23.820203645779763
40	57.802317683519064	6.649580903868349	17.260220012430842	18.28788140018174
41	58.483284520771065	5.0496532927774975	21.276630452513785	15.190431733937656
42	44.69759235859012	8.07583185786295	28.78447173559236	18.442104047954565
43	35.736719992069574	11.595483172319812	22.723924655961433	29.943872179649176
>>END_MODULE
>>Per sequence GC content	fail
#GC Content	Count
0	14.0
1	16.0
2	19.5
3	25.0
4	29.0
5	32.5
6	50.5
7	70.5
8	98.0
9	126.5
10	174.0
11	238.0
12	278.5
13	385.5
14	514.5
15	690.5
16	934.5
17	1233.5
18	1592.5
19	1931.5
20	2530.5
21	3402.0
22	4552.5
23	5924.5
24	8156.0
25	11028.0
26	13692.0
27	17337.5
28	21642.0
29	25712.0
30	30421.0
31	36887.5
32	42046.0
33	46657.5
34	57948.5
35	72282.5
36	85797.0
37	98506.0
38	121190.0
39	152580.5
40	183308.0
41	229816.0
42	271661.5
43	342361.5
44	412841.0
45	520070.0
46	623734.0
47	661995.0
48	774816.0
49	858819.5
50	875996.5
51	892420.5
52	822827.5
53	741721.0
54	718633.5
55	611830.0
56	505563.5
57	428709.5
58	346221.0
59	297898.5
60	240734.0
61	205309.5
62	181149.0
63	152423.5
64	128224.5
65	112425.0
66	98696.5
67	86906.0
68	81821.0
69	76147.5
70	69444.0
71	64690.0
72	60553.5
73	55877.0
74	51076.0
75	47038.5
76	42968.5
77	39435.5
78	36383.0
79	32932.0
80	30197.5
81	27920.0
82	25019.0
83	22241.5
84	20401.0
85	18521.0
86	15974.5
87	14349.5
88	12344.0
89	9689.5
90	8189.0
91	7219.0
92	6483.0
93	5962.5
94	5568.5
95	4536.0
96	2816.5
97	1583.5
98	1036.5
99	878.0
100	877.0
>>END_MODULE
>>Per base N content	pass
#Base	N-Count
1	1.824751337713801E-4
2	2.5090330893564765E-4
3	3.877596592641827E-4
4	0.0
5	4.5618783442845025E-5
6	0.0
7	4.5618783442845025E-5
8	1.3685635032853507E-4
9	0.0016194668122209983
10	0.001117660194349703
11	0.0
12	2.289162942389323E-4
13	0.001032920555325635
14	0.0028560372943192496
15	0.003542280826004323
16	1.3950519831245213E-4
17	0.005116359805783916
18	0.0061109149873010485
19	0.0
20	0.0
21	0.0
22	0.0015164125982580334
23	0.001278307620969258
24	4.0987869127783274E-4
25	0.0010725855249612889
26	0.0
27	1.6548893706455723E-4
28	1.4674341151430984E-4
29	0.0
30	0.0
31	0.0
32	0.0
33	0.0
34	0.0
35	0.0
36	0.0
37	0.0
38	0.01935308300567075
39	0.017058322525696366
40	0.005889884920238074
41	6.901471456455166E-4
42	0.0013175536416868954
43	6.274064960413787E-5
>>END_MODULE
>>Sequence Length Distribution	warn
#Length	Count
10	5988.0
11	9762.0
12	11830.0
13	14899.0
14	22429.0
15	18336.0
16	20528.0
17	25705.0
18	31396.0
19	32595.0
20	42820.0
21	59274.0
22	98947.0
23	86056.0
24	81055.0
25	83760.0
26	113159.0
27	218312.0
28	381880.0
29	400464.0
30	302772.0
31	198584.0
32	129397.0
33	98677.0
34	77599.0
35	56805.0
36	45509.0
37	36302.0
38	26167.0
39	23239.0
40	36050.0
41	0.0
42	0.0
43	1593863.0
>>END_MODULE
>>Sequence Duplication Levels	pass
#Total Deduplicated Percentage	89.94973761792208
#Duplication Level	Percentage of deduplicated	Percentage of total
1	94.03093137645125	84.58057605280626
2	4.226446664991135	7.603355371441886
3	0.9004470854289501	2.4298493721947017
4	0.3137876165348022	1.1290045510023443
5	0.1396781555718648	0.628200672232227
6	0.09093199222527851	0.4907585305043239
7	0.06405157218254585	0.40329954782847766
8	0.05437806102100992	0.39130338568089584
9	0.040602862550150325	0.3286995149630318
>10	0.1375005575792677	1.911061204867266
>50	7.754995526662502E-4	0.04098710457198094
>100	4.685559110320879E-4	0.06290469190660145
>500	0.0	0.0
>1k	0.0	0.0
>5k	0.0	0.0
>10k+	0.0	0.0
>>END_MODULE
>>Overrepresented sequences	pass
>>END_MODULE
>>Adapter Content	pass
#Position	Illumina Universal Adapter	Illumina Small RNA Adapter	Nextera Transposase Sequence
1	0.0	0.0	0.0
2	2.2809391721422512E-5	0.0	0.0
3	4.5618783442845025E-5	0.0	0.0
4	1.1404695860711257E-4	0.0	6.842817516426753E-5
5	1.5966574204995758E-4	0.0	6.842817516426753E-5
6	1.5966574204995758E-4	0.0	6.842817516426753E-5
7	1.824751337713801E-4	4.5618783442845025E-5	6.842817516426753E-5
8	1.824751337713801E-4	1.3685635032853507E-4	6.842817516426753E-5
9	1.824751337713801E-4	2.0528452549280261E-4	6.842817516426753E-5
10	1.824751337713801E-4	4.333784427070277E-4	6.842817516426753E-5
11	2.0528452549280261E-4	7.527099268069429E-4	6.842817516426753E-5
12	2.5090330893564765E-4	0.0012317071529568157	6.842817516426753E-5
13	2.7371270065707013E-4	0.0016194668122209983	6.842817516426753E-5
14	2.7371270065707013E-4	0.0027371270065707017	6.842817516426753E-5
15	2.7371270065707013E-4	0.0033301711913276866	1.3685635032853507E-4
16	2.7371270065707013E-4	0.0040600717264132075	1.3685635032853507E-4
17	2.7371270065707013E-4	0.00490401922010584	1.5966574204995758E-4
18	2.7371270065707013E-4	0.006067298197898388	1.5966574204995758E-4
19	2.965220923784927E-4	0.007390242917740894	1.824751337713801E-4
20	2.965220923784927E-4	0.00880442520446909	1.824751337713801E-4
21	3.1933148409991517E-4	0.011062554984889918	1.824751337713801E-4
22	3.649502675427602E-4	0.015920955421552915	1.824751337713801E-4
23	4.333784427070277E-4	0.021098687342315823	1.824751337713801E-4
24	4.333784427070277E-4	0.05081932475532936	1.824751337713801E-4
25	4.333784427070277E-4	0.14684686390251814	1.824751337713801E-4
26	4.333784427070277E-4	0.2679875433349931	1.824751337713801E-4
27	4.333784427070277E-4	0.5431144262787915	1.824751337713801E-4
28	4.333784427070277E-4	1.1974246371995176	1.824751337713801E-4
29	4.5618783442845026E-4	1.7226336909769924	1.824751337713801E-4
30	4.5618783442845026E-4	1.9169697084435122	1.824751337713801E-4
31	4.7899722614987275E-4	1.9253179458135528	1.824751337713801E-4
>>END_MODULE
>>Kmer Content	fail
#Sequence	Count	PValue	Obs/Exp Max	Max Obs/Exp Position
TTAAGCG	370	0.0	62.963154	32
GTGCCAA	4235	0.0	58.550232	37
ATTTAAG	1025	0.0	57.26181	30
TAAGCGT	175	0.0	56.14802	33
AATTTAA	1095	0.0	55.571266	29
TTTAAGC	700	0.0	55.119247	31
TAAGCGC	120	0.0	48.522984	33
GAATTTA	1435	0.0	48.34494	28
CGCGTAA	110	0.0	41.60788	24
GGTCCAA	655	0.0	41.4866	37
GCTGAAT	3140	0.0	40.745464	25
GCGCGTT	180	0.0	40.20585	25
CTGAATT	2910	0.0	40.168972	26
GGGCCAA	1035	0.0	40.111507	37
CGCTGAA	3280	0.0	39.489433	24
CGGTGCC	7545	0.0	39.417007	37
TAAGCGG	140	0.0	38.99168	33
CGCCTTG	1165	0.0	38.697113	24
TATTCAC	550	0.0	38.595104	26
GGTGCCA	8335	0.0	37.8092	37
>>END_MODULE
